 5.65975834E+01  1.88179670E-03
 5.64258371E+01  1.79059498E-03
 5.62074263E+01  1.70963831E-03
 5.59440124E+01  1.63769364E-03
 5.56371826E+01  1.56888291E-03
 5.52863666E+01  1.49638053E-03
 5.48921778E+01  1.41418240E-03
 5.44538996E+01  1.31004481E-03
 5.39724669E+01  1.18569171E-03
 5.34484788E+01  1.04612730E-03
 5.28836500E+01  9.02974705E-04
 5.22792402E+01  7.64378086E-04
 5.16372242E+01  6.37889858E-04
 5.09601656E+01  5.27661929E-04
 5.02502287E+01  4.33910021E-04
 4.95099731E+01  3.56243523E-04
 4.87415978E+01  2.92337432E-04
 4.79473485E+01  2.40127656E-04
 4.71292360E+01  1.97770894E-04
 4.62891905E+01  1.63411337E-04
 4.54289557E+01  1.35490304E-04
 4.45501892E+01  1.12753894E-04
 4.36543726E+01  9.41591301E-05
 4.27429164E+01  7.88790775E-05
 4.18171285E+01  6.63346803E-05
 4.08782139E+01  5.59402828E-05
 3.99273282E+01  4.73086786E-05
 3.89655370E+01  4.01052543E-05
 3.79938871E+01  3.40926840E-05
 3.70133408E+01  2.90334207E-05
 3.60248166E+01  2.47708219E-05
 3.50292488E+01  2.11721291E-05
 3.40275112E+01  1.81290803E-05
 3.30204569E+01  1.55376847E-05
 3.20089429E+01  1.33272523E-05
 3.09937801E+01  1.14615885E-05
 2.99758319E+01  9.87100265E-06
 2.89558545E+01  8.50321157E-06
 2.79346327E+01  7.33700423E-06
 2.69129388E+01  6.37143396E-06
 2.58914230E+01  5.57785563E-06
 2.48705659E+01  4.82869291E-06
 2.38509064E+01  4.20772333E-06
 2.28326565E+01  3.72268964E-06
 2.18160293E+01  3.29096442E-06
 2.08011590E+01  2.94798924E-06
 1.97881372E+01  2.68841011E-06
 1.87763434E+01  5.38475929E-06
 1.77677244E+01  2.33801905E-06
 1.67603450E+01  2.13962761E-06
 1.57548105E+01  2.32185255E-06
 1.47509578E+01  2.72155086E-06
 1.37488432E+01  2.14320641E-06
 1.27483935E+01  2.45398595E-06
 1.17492483E+01  2.50860393E-06
 1.07515748E+01  2.89297581E-06
 9.75524202E+00  4.60672261E-06
 8.76001052E+00  3.69551745E-06
 7.76566396E+00  7.22336032E-06
 6.77252771E+00  1.44485669E-06
 5.78002515E+00  1.53821296E-06
 4.78819054E+00  1.37112310E-06
 3.79690816E+00  1.25350733E-06
 2.80605791E+00  1.45485137E-06
 1.81551943E+00  1.37562288E-06
 8.25183474E-01  1.30047875E-06
