         512
           1
 2.25593E+02  4.05819E+00  2.25517E+02  2.50000E+00
 2.25580E+02  5.02639E+00  2.25531E+02  3.45876E+00
 2.25551E+02  5.99224E+00  2.25531E+02  4.41763E+00
 2.25506E+02  6.95534E+00  2.25519E+02  5.37643E+00
 2.25447E+02  7.91533E+00  2.25493E+02  6.33496E+00
 2.25373E+02  8.87193E+00  2.25455E+02  7.29304E+00
 2.25285E+02  9.82491E+00  2.25402E+02  8.25048E+00
 2.25184E+02  1.07741E+01  2.25337E+02  9.20707E+00
 2.25069E+02  1.17195E+01  2.25257E+02  1.01626E+01
 2.24941E+02  1.26611E+01  2.25162E+02  1.11168E+01
 2.24801E+02  1.35988E+01  2.25050E+02  1.20691E+01
 2.24649E+02  1.45329E+01  2.24918E+02  1.30188E+01
 2.24485E+02  1.54635E+01  2.24768E+02  1.39659E+01
 2.24311E+02  1.63907E+01  2.24606E+02  1.49109E+01
 2.24126E+02  1.73150E+01  2.24437E+02  1.58549E+01
 2.23931E+02  1.82365E+01  2.24264E+02  1.67979E+01
 2.23727E+02  1.91555E+01  2.24083E+02  1.77396E+01
 2.23513E+02  2.00725E+01  2.23893E+02  1.86794E+01
 2.23290E+02  2.09876E+01  2.23687E+02  1.96160E+01
 2.23058E+02  2.19012E+01  2.23462E+02  2.05480E+01
 2.22818E+02  2.28136E+01  2.23222E+02  2.14763E+01
 2.22569E+02  2.37252E+01  2.22977E+02  2.24033E+01
 2.22313E+02  2.46360E+01  2.22733E+02  2.33307E+01
 2.22048E+02  2.55463E+01  2.22484E+02  2.42567E+01
 2.21775E+02  2.64562E+01  2.22219E+02  2.51781E+01
 2.21495E+02  2.73659E+01  2.21937E+02  2.60946E+01
 2.21206E+02  2.82753E+01  2.21647E+02  2.70086E+01
 2.20910E+02  2.91845E+01  2.21352E+02  2.79211E+01
 2.20605E+02  3.00934E+01  2.21052E+02  2.88317E+01
 2.20293E+02  3.10017E+01  2.20742E+02  2.97390E+01
 2.19973E+02  3.19094E+01  2.20426E+02  3.06446E+01
 2.19644E+02  3.28162E+01  2.20110E+02  3.15499E+01
 2.19307E+02  3.37217E+01  2.19784E+02  3.24516E+01
 2.18962E+02  3.46257E+01  2.19442E+02  3.33473E+01
 2.18608E+02  3.55277E+01  2.19091E+02  3.42395E+01
 2.18246E+02  3.64273E+01  2.18733E+02  3.51292E+01
 2.17875E+02  3.73242E+01  2.18370E+02  3.60167E+01
 2.17495E+02  3.82178E+01  2.17998E+02  3.69005E+01
 2.17107E+02  3.91077E+01  2.17619E+02  3.77811E+01
 2.16710E+02  3.99935E+01  2.17235E+02  3.86599E+01
 2.16305E+02  4.08747E+01  2.16845E+02  3.95356E+01
 2.15891E+02  4.17510E+01  2.16446E+02  4.04075E+01
 2.15468E+02  4.26219E+01  2.16042E+02  4.12774E+01
 2.15036E+02  4.34871E+01  2.15632E+02  4.21442E+01
 2.14596E+02  4.43462E+01  2.15214E+02  4.30069E+01
 2.14148E+02  4.51991E+01  2.14786E+02  4.38650E+01
 2.13692E+02  4.60455E+01  2.14349E+02  4.47185E+01
 2.13227E+02  4.68852E+01  2.13903E+02  4.55674E+01
 2.12754E+02  4.77182E+01  2.13448E+02  4.64116E+01
 2.12273E+02  4.85444E+01  2.12985E+02  4.72510E+01
 2.11785E+02  4.93637E+01  2.12512E+02  4.80853E+01
 2.11288E+02  5.01763E+01  2.12030E+02  4.89143E+01
 2.10784E+02  5.09822E+01  2.11539E+02  4.97380E+01
 2.10273E+02  5.17816E+01  2.11040E+02  5.05565E+01
 2.09754E+02  5.25747E+01  2.10533E+02  5.13705E+01
 2.09228E+02  5.33616E+01  2.10021E+02  5.21810E+01
 2.08695E+02  5.41425E+01  2.09500E+02  5.29862E+01
 2.08155E+02  5.49178E+01  2.08970E+02  5.37852E+01
 2.07608E+02  5.56877E+01  2.08435E+02  5.45810E+01
 2.07053E+02  5.64524E+01  2.07893E+02  5.53722E+01
 2.06492E+02  5.72122E+01  2.07342E+02  5.61568E+01
 2.05923E+02  5.79672E+01  2.06781E+02  5.69345E+01
 2.05347E+02  5.87178E+01  2.06212E+02  5.77063E+01
 2.04764E+02  5.94640E+01  2.05629E+02  5.84676E+01
 2.04174E+02  6.02060E+01  2.05037E+02  5.92216E+01
 2.03577E+02  6.09440E+01  2.04445E+02  5.99758E+01
 2.02973E+02  6.16779E+01  2.03844E+02  6.07234E+01
 2.02361E+02  6.24078E+01  2.03237E+02  6.14651E+01
 2.01742E+02  6.31336E+01  2.02622E+02  6.22013E+01
 2.01115E+02  6.38553E+01  2.01997E+02  6.29278E+01
 2.00481E+02  6.45727E+01  2.01361E+02  6.36458E+01
 1.99839E+02  6.52856E+01  2.00722E+02  6.43607E+01
 1.99189E+02  6.59938E+01  2.00080E+02  6.50732E+01
 1.98532E+02  6.66971E+01  1.99427E+02  6.57748E+01
 1.97868E+02  6.73951E+01  1.98759E+02  6.64635E+01
 1.97195E+02  6.80875E+01  1.98091E+02  6.71507E+01
 1.96516E+02  6.87740E+01  1.97422E+02  6.78380E+01
 1.95828E+02  6.94542E+01  1.96742E+02  6.85134E+01
 1.95134E+02  7.01277E+01  1.96051E+02  6.91783E+01
 1.94432E+02  7.07941E+01  1.95359E+02  6.98430E+01
 1.93723E+02  7.14531E+01  1.94665E+02  7.05043E+01
 1.93007E+02  7.21043E+01  1.93958E+02  7.11522E+01
 1.92284E+02  7.27473E+01  1.93243E+02  7.17913E+01
 1.91554E+02  7.33818E+01  1.92530E+02  7.24324E+01
 1.90818E+02  7.40075E+01  1.91812E+02  7.30674E+01
 1.90076E+02  7.46241E+01  1.91080E+02  7.36869E+01
 1.89327E+02  7.52315E+01  1.90342E+02  7.42987E+01
 1.88572E+02  7.58293E+01  1.89606E+02  7.49138E+01
 1.87812E+02  7.64174E+01  1.88863E+02  7.55197E+01
 1.87046E+02  7.69956E+01  1.88105E+02  7.61069E+01
 1.86274E+02  7.75640E+01  1.87343E+02  7.66888E+01
 1.85497E+02  7.81223E+01  1.86582E+02  7.72723E+01
 1.84714E+02  7.86705E+01  1.85815E+02  7.78476E+01
 1.83926E+02  7.92086E+01  1.85037E+02  7.84088E+01
 1.83133E+02  7.97365E+01  1.84250E+02  7.89563E+01
 1.82335E+02  8.02543E+01  1.83460E+02  7.94999E+01
 1.81532E+02  8.07619E+01  1.82671E+02  8.00438E+01
 1.80723E+02  8.12592E+01  1.81871E+02  8.05727E+01
 1.79909E+02  8.17462E+01  1.81059E+02  8.10829E+01
 1.79089E+02  8.22229E+01  1.80240E+02  8.15817E+01
 1.78264E+02  8.26890E+01  1.79419E+02  8.20773E+01
 1.77433E+02  8.31444E+01  1.78597E+02  8.25701E+01
 1.76596E+02  8.35889E+01  1.77764E+02  8.30459E+01
 1.75754E+02  8.40221E+01  1.76921E+02  8.35017E+01
 1.74904E+02  8.44438E+01  1.76069E+02  8.39426E+01
 1.74049E+02  8.48536E+01  1.75213E+02  8.43737E+01
 1.73186E+02  8.52508E+01  1.74353E+02  8.47979E+01
 1.72317E+02  8.56349E+01  1.73488E+02  8.52120E+01
 1.71441E+02  8.60053E+01  1.72613E+02  8.56045E+01
 1.70557E+02  8.63612E+01  1.71729E+02  8.59749E+01
 1.69667E+02  8.67019E+01  1.70837E+02  8.63275E+01
 1.68769E+02  8.70264E+01  1.69939E+02  8.66635E+01
 1.67864E+02  8.73339E+01  1.69036E+02  8.69850E+01
 1.66952E+02  8.76233E+01  1.68128E+02  8.72945E+01
 1.66033E+02  8.78935E+01  1.67215E+02  8.75872E+01
 1.65108E+02  8.81436E+01  1.66295E+02  8.78577E+01
 1.64176E+02  8.83723E+01  1.65368E+02  8.81028E+01
 1.63238E+02  8.85786E+01  1.64435E+02  8.83227E+01
 1.62294E+02  8.87614E+01  1.63496E+02  8.85183E+01
 1.61345E+02  8.89195E+01  1.62553E+02  8.86907E+01
 1.60392E+02  8.90519E+01  1.61606E+02  8.88420E+01
 1.59435E+02  8.91575E+01  1.60656E+02  8.89694E+01
 1.58475E+02  8.92353E+01  1.59702E+02  8.90704E+01
 1.57513E+02  8.92843E+01  1.58746E+02  8.91456E+01
 1.56550E+02  8.93038E+01  1.57789E+02  8.91946E+01
 1.55587E+02  8.92930E+01  1.56830E+02  8.92167E+01
 1.54625E+02  8.92512E+01  1.55871E+02  8.92111E+01
 1.53664E+02  8.91779E+01  1.54913E+02  8.91773E+01
 1.52707E+02  8.90726E+01  1.53956E+02  8.91147E+01
 1.51754E+02  8.89350E+01  1.53002E+02  8.90225E+01
 1.50806E+02  8.87649E+01  1.52051E+02  8.89002E+01
 1.49865E+02  8.85624E+01  1.51104E+02  8.87469E+01
 1.48932E+02  8.83273E+01  1.50164E+02  8.85615E+01
 1.48008E+02  8.80601E+01  1.49230E+02  8.83437E+01
 1.47094E+02  8.77610E+01  1.48304E+02  8.80954E+01
 1.46191E+02  8.74305E+01  1.47387E+02  8.78156E+01
 1.45300E+02  8.70690E+01  1.46480E+02  8.75040E+01
 1.44423E+02  8.66775E+01  1.45584E+02  8.71620E+01
 1.43560E+02  8.62565E+01  1.44700E+02  8.67910E+01
 1.42711E+02  8.58071E+01  1.43828E+02  8.63910E+01
 1.41879E+02  8.53301E+01  1.42971E+02  8.59614E+01
 1.41062E+02  8.48266E+01  1.42130E+02  8.55017E+01
 1.40263E+02  8.42976E+01  1.41305E+02  8.50132E+01
 1.39481E+02  8.37443E+01  1.40496E+02  8.44985E+01
 1.38717E+02  8.31678E+01  1.39704E+02  8.39582E+01
 1.37972E+02  8.25693E+01  1.38929E+02  8.33926E+01
 1.37244E+02  8.19500E+01  1.38174E+02  8.28024E+01
 1.36535E+02  8.13110E+01  1.37437E+02  8.21894E+01
 1.35845E+02  8.06534E+01  1.36718E+02  8.15549E+01
 1.35172E+02  7.99783E+01  1.36017E+02  8.08998E+01
 1.34518E+02  7.92869E+01  1.35336E+02  8.02251E+01
 1.33882E+02  7.85802E+01  1.34673E+02  7.95325E+01
 1.33263E+02  7.78591E+01  1.34028E+02  7.88227E+01
 1.32662E+02  7.71245E+01  1.33402E+02  7.80967E+01
 1.32077E+02  7.63773E+01  1.32793E+02  7.73560E+01
 1.31508E+02  7.56184E+01  1.32201E+02  7.66016E+01
 1.30956E+02  7.48483E+01  1.31626E+02  7.58344E+01
 1.30418E+02  7.40678E+01  1.31067E+02  7.50552E+01
 1.29895E+02  7.32774E+01  1.30524E+02  7.42652E+01
 1.29386E+02  7.24778E+01  1.29996E+02  7.34650E+01
 1.28890E+02  7.16694E+01  1.29482E+02  7.26554E+01
 1.28407E+02  7.08526E+01  1.28982E+02  7.18372E+01
 1.27937E+02  7.00278E+01  1.28495E+02  7.10109E+01
 1.27478E+02  6.91955E+01  1.28022E+02  7.01771E+01
 1.27031E+02  6.83558E+01  1.27561E+02  6.93364E+01
 1.26594E+02  6.75091E+01  1.27112E+02  6.84893E+01
 1.26168E+02  6.66557E+01  1.26673E+02  6.76364E+01
 1.25751E+02  6.57958E+01  1.26246E+02  6.67780E+01
 1.25344E+02  6.49297E+01  1.25829E+02  6.59146E+01
 1.24946E+02  6.40577E+01  1.25422E+02  6.50463E+01
 1.24557E+02  6.31800E+01  1.25025E+02  6.41736E+01
 1.24177E+02  6.22969E+01  1.24637E+02  6.32969E+01
 1.23805E+02  6.14087E+01  1.24257E+02  6.24163E+01
 1.23441E+02  6.05156E+01  1.23887E+02  6.15318E+01
 1.23084E+02  5.96181E+01  1.23525E+02  6.06440E+01
 1.22736E+02  5.87163E+01  1.23170E+02  5.97530E+01
 1.22395E+02  5.78107E+01  1.22824E+02  5.88588E+01
 1.22062E+02  5.69016E+01  1.22485E+02  5.79617E+01
 1.21737E+02  5.59894E+01  1.22154E+02  5.70621E+01
 1.21418E+02  5.50744E+01  1.21828E+02  5.61602E+01
 1.21107E+02  5.41570E+01  1.21510E+02  5.52557E+01
 1.20803E+02  5.32377E+01  1.21199E+02  5.43487E+01
 1.20506E+02  5.23166E+01  1.20894E+02  5.34395E+01
 1.20217E+02  5.13943E+01  1.20595E+02  5.25284E+01
 1.19934E+02  5.04710E+01  1.20304E+02  5.16149E+01
 1.19658E+02  4.95470E+01  1.20018E+02  5.06995E+01
 1.19388E+02  4.86227E+01  1.19738E+02  4.97823E+01
 1.19125E+02  4.76982E+01  1.19464E+02  4.88636E+01
 1.18869E+02  4.67737E+01  1.19195E+02  4.79431E+01
 1.18619E+02  4.58495E+01  1.18933E+02  4.70207E+01
 1.18375E+02  4.49257E+01  1.18678E+02  4.60965E+01
 1.18137E+02  4.40023E+01  1.18428E+02  4.51707E+01
 1.17905E+02  4.30793E+01  1.18183E+02  4.42437E+01
 1.17679E+02  4.21568E+01  1.17943E+02  4.33154E+01
 1.17458E+02  4.12346E+01  1.17708E+02  4.23856E+01
 1.17242E+02  4.03127E+01  1.17481E+02  4.14542E+01
 1.17031E+02  3.93909E+01  1.17259E+02  4.05213E+01
 1.16825E+02  3.84690E+01  1.17042E+02  3.95872E+01
 1.16624E+02  3.75468E+01  1.16830E+02  3.86521E+01
 1.16428E+02  3.66241E+01  1.16623E+02  3.77158E+01
 1.16237E+02  3.57005E+01  1.16422E+02  3.67784E+01
 1.16049E+02  3.47758E+01  1.16226E+02  3.58397E+01
 1.15867E+02  3.38498E+01  1.16037E+02  3.48997E+01
 1.15688E+02  3.29220E+01  1.15853E+02  3.39585E+01
 1.15514E+02  3.19923E+01  1.15675E+02  3.30165E+01
 1.15344E+02  3.10605E+01  1.15501E+02  3.20735E+01
 1.15179E+02  3.01262E+01  1.15331E+02  3.11297E+01
 1.15018E+02  2.91893E+01  1.15167E+02  3.01850E+01
 1.14862E+02  2.82496E+01  1.15009E+02  2.92393E+01
 1.14710E+02  2.73069E+01  1.14856E+02  2.82926E+01
 1.14563E+02  2.63614E+01  1.14710E+02  2.73449E+01
 1.14421E+02  2.54128E+01  1.14570E+02  2.63964E+01
 1.14283E+02  2.44613E+01  1.14434E+02  2.54471E+01
 1.14152E+02  2.35068E+01  1.14304E+02  2.44972E+01
 1.14025E+02  2.25497E+01  1.14178E+02  2.35466E+01
 1.13904E+02  2.15899E+01  1.14057E+02  2.25954E+01
 1.13789E+02  2.06279E+01  1.13941E+02  2.16436E+01
 1.13680E+02  1.96638E+01  1.13830E+02  2.06912E+01
 1.13577E+02  1.86979E+01  1.13724E+02  1.97381E+01
 1.13480E+02  1.77306E+01  1.13625E+02  1.87844E+01
 1.13389E+02  1.67623E+01  1.13531E+02  1.78301E+01
 1.13305E+02  1.57934E+01  1.13443E+02  1.68753E+01
 1.13227E+02  1.48242E+01  1.13361E+02  1.59200E+01
 1.13156E+02  1.38552E+01  1.13284E+02  1.49641E+01
 1.13091E+02  1.28867E+01  1.13213E+02  1.40079E+01
 1.13033E+02  1.19191E+01  1.13147E+02  1.30513E+01
 1.12982E+02  1.09528E+01  1.13086E+02  1.20944E+01
 1.12937E+02  9.98804E+00  1.13031E+02  1.11371E+01
 1.12899E+02  9.02513E+00  1.12980E+02  1.01796E+01
 1.12867E+02  8.06429E+00  1.12935E+02  9.22175E+00
 1.12841E+02  7.10569E+00  1.12896E+02  8.26370E+00
 1.12822E+02  6.14945E+00  1.12862E+02  7.30543E+00
 1.12808E+02  5.19564E+00  1.12833E+02  6.34698E+00
 1.12800E+02  4.24424E+00  1.12810E+02  5.38838E+00
 1.12798E+02  3.29521E+00  1.12793E+02  4.42966E+00
 1.12801E+02  2.34842E+00  1.12782E+02  3.47086E+00
 1.12809E+02  1.40370E+00  1.12776E+02  2.51200E+00
 1.12823E+02  4.60810E-01  1.12776E+02  1.55313E+00
 1.12841E+02 -4.80512E-01  1.12782E+02  5.94278E-01
 1.12864E+02 -1.42059E+00  1.12794E+02 -3.64522E-01
 1.12892E+02 -2.35976E+00  1.12812E+02 -1.32323E+00
 1.12924E+02 -3.29840E+00  1.12835E+02 -2.28181E+00
 1.12961E+02 -4.23690E+00  1.12865E+02 -3.24023E+00
 1.13003E+02 -5.17564E+00  1.12900E+02 -4.19844E+00
 1.13049E+02 -6.11502E+00  1.12941E+02 -5.15643E+00
 1.13099E+02 -7.05540E+00  1.12989E+02 -6.11414E+00
 1.13154E+02 -7.99712E+00  1.13042E+02 -7.07154E+00
 1.13214E+02 -8.94051E+00  1.13100E+02 -8.02861E+00
 1.13278E+02 -9.88582E+00  1.13165E+02 -8.98530E+00
 1.13347E+02 -1.08333E+01  1.13235E+02 -9.94160E+00
 1.13422E+02 -1.17831E+01  1.13311E+02 -1.08974E+01
 1.13501E+02 -1.27352E+01  1.13394E+02 -1.18528E+01
 1.13586E+02 -1.36898E+01  1.13482E+02 -1.28076E+01
 1.13677E+02 -1.46468E+01  1.13577E+02 -1.37618E+01
 1.13774E+02 -1.56061E+01  1.13678E+02 -1.47153E+01
 1.13877E+02 -1.65675E+01  1.13786E+02 -1.56681E+01
 1.13986E+02 -1.75307E+01  1.13900E+02 -1.66202E+01
 1.14101E+02 -1.84954E+01  1.14019E+02 -1.75715E+01
 1.14223E+02 -1.94614E+01  1.14144E+02 -1.85222E+01
 1.14352E+02 -2.04281E+01  1.14274E+02 -1.94723E+01
 1.14489E+02 -2.13950E+01  1.14409E+02 -2.04215E+01
 1.14632E+02 -2.23617E+01  1.14550E+02 -2.13701E+01
 1.14782E+02 -2.33278E+01  1.14695E+02 -2.23179E+01
 1.14939E+02 -2.42925E+01  1.14846E+02 -2.32647E+01
 1.15104E+02 -2.52554E+01  1.15004E+02 -2.42106E+01
 1.15275E+02 -2.62161E+01  1.15168E+02 -2.51554E+01
 1.15453E+02 -2.71739E+01  1.15337E+02 -2.60992E+01
 1.15639E+02 -2.81285E+01  1.15512E+02 -2.70420E+01
 1.15830E+02 -2.90794E+01  1.15690E+02 -2.79841E+01
 1.16028E+02 -3.00263E+01  1.15873E+02 -2.89253E+01
 1.16232E+02 -3.09689E+01  1.16061E+02 -2.98657E+01
 1.16442E+02 -3.19070E+01  1.16255E+02 -3.08048E+01
 1.16657E+02 -3.28405E+01  1.16454E+02 -3.17428E+01
 1.16877E+02 -3.37694E+01  1.16658E+02 -3.26797E+01
 1.17101E+02 -3.46936E+01  1.16866E+02 -3.36156E+01
 1.17330E+02 -3.56133E+01  1.17079E+02 -3.45506E+01
 1.17563E+02 -3.65287E+01  1.17295E+02 -3.54847E+01
 1.17799E+02 -3.74402E+01  1.17516E+02 -3.64179E+01
 1.18038E+02 -3.83482E+01  1.17741E+02 -3.73499E+01
 1.18281E+02 -3.92530E+01  1.17972E+02 -3.82806E+01
 1.18525E+02 -4.01552E+01  1.18207E+02 -3.92101E+01
 1.18772E+02 -4.10554E+01  1.18446E+02 -4.01388E+01
 1.19021E+02 -4.19541E+01  1.18688E+02 -4.10668E+01
 1.19271E+02 -4.28521E+01  1.18933E+02 -4.19937E+01
 1.19523E+02 -4.37498E+01  1.19184E+02 -4.29193E+01
 1.19777E+02 -4.46481E+01  1.19439E+02 -4.38436E+01
 1.20032E+02 -4.55474E+01  1.19697E+02 -4.47670E+01
 1.20288E+02 -4.64484E+01  1.19958E+02 -4.56897E+01
 1.20546E+02 -4.73516E+01  1.20222E+02 -4.66114E+01
 1.20806E+02 -4.82574E+01  1.20491E+02 -4.75320E+01
 1.21068E+02 -4.91663E+01  1.20763E+02 -4.84514E+01
 1.21331E+02 -5.00785E+01  1.21039E+02 -4.93697E+01
 1.21597E+02 -5.09943E+01  1.21318E+02 -5.02871E+01
 1.21866E+02 -5.19137E+01  1.21600E+02 -5.12036E+01
 1.22138E+02 -5.28368E+01  1.21884E+02 -5.21192E+01
 1.22412E+02 -5.37635E+01  1.22173E+02 -5.30338E+01
 1.22691E+02 -5.46935E+01  1.22464E+02 -5.39474E+01
 1.22973E+02 -5.56264E+01  1.22757E+02 -5.48602E+01
 1.23259E+02 -5.65619E+01  1.23055E+02 -5.57718E+01
 1.23550E+02 -5.74994E+01  1.23355E+02 -5.66823E+01
 1.23846E+02 -5.84383E+01  1.23658E+02 -5.75920E+01
 1.24147E+02 -5.93779E+01  1.23963E+02 -5.85012E+01
 1.24452E+02 -6.03174E+01  1.24270E+02 -5.94095E+01
 1.24763E+02 -6.12560E+01  1.24581E+02 -6.03168E+01
 1.25080E+02 -6.21929E+01  1.24894E+02 -6.12230E+01
 1.25401E+02 -6.31273E+01  1.25210E+02 -6.21285E+01
 1.25728E+02 -6.40583E+01  1.25527E+02 -6.30333E+01
 1.26060E+02 -6.49852E+01  1.25847E+02 -6.39371E+01
 1.26397E+02 -6.59072E+01  1.26170E+02 -6.48401E+01
 1.26738E+02 -6.68237E+01  1.26494E+02 -6.57425E+01
 1.27083E+02 -6.77342E+01  1.26820E+02 -6.66443E+01
 1.27432E+02 -6.86380E+01  1.27148E+02 -6.75453E+01
 1.27785E+02 -6.95350E+01  1.27479E+02 -6.84454E+01
 1.28140E+02 -7.04249E+01  1.27811E+02 -6.93448E+01
 1.28497E+02 -7.13078E+01  1.28145E+02 -7.02437E+01
 1.28855E+02 -7.21836E+01  1.28480E+02 -7.11419E+01
 1.29215E+02 -7.30527E+01  1.28818E+02 -7.20394E+01
 1.29574E+02 -7.39155E+01  1.29157E+02 -7.29364E+01
 1.29934E+02 -7.47725E+01  1.29497E+02 -7.38329E+01
 1.30292E+02 -7.56247E+01  1.29839E+02 -7.47288E+01
 1.30649E+02 -7.64727E+01  1.30182E+02 -7.56240E+01
 1.31004E+02 -7.73176E+01  1.30527E+02 -7.65186E+01
 1.31356E+02 -7.81606E+01  1.30873E+02 -7.74129E+01
 1.31706E+02 -7.90028E+01  1.31221E+02 -7.83066E+01
 1.32052E+02 -7.98455E+01  1.31570E+02 -7.91997E+01
 1.32395E+02 -8.06899E+01  1.31920E+02 -8.00924E+01
 1.32736E+02 -8.15374E+01  1.32272E+02 -8.09845E+01
 1.33073E+02 -8.23893E+01  1.32624E+02 -8.18761E+01
 1.33407E+02 -8.32468E+01  1.32979E+02 -8.27670E+01
 1.33739E+02 -8.41109E+01  1.33335E+02 -8.36574E+01
 1.34068E+02 -8.49827E+01  1.33692E+02 -8.45474E+01
 1.34397E+02 -8.58631E+01  1.34050E+02 -8.54366E+01
 1.34724E+02 -8.67527E+01  1.34411E+02 -8.63252E+01
 1.35052E+02 -8.76518E+01  1.34773E+02 -8.72130E+01
 1.35382E+02 -8.85608E+01  1.35137E+02 -8.81000E+01
 1.35714E+02 -8.94795E+01  1.35504E+02 -8.89860E+01
 1.36050E+02 -9.04076E+01  1.35873E+02 -8.98711E+01
 1.36391E+02 -9.13443E+01  1.36244E+02 -9.07551E+01
 1.36738E+02 -9.22887E+01  1.36619E+02 -9.16378E+01
 1.37093E+02 -9.32394E+01  1.36997E+02 -9.25191E+01
 1.37458E+02 -9.41947E+01  1.37378E+02 -9.33988E+01
 1.37834E+02 -9.51526E+01  1.37763E+02 -9.42770E+01
 1.38222E+02 -9.61108E+01  1.38153E+02 -9.51533E+01
 1.38623E+02 -9.70667E+01  1.38547E+02 -9.60272E+01
 1.39041E+02 -9.80172E+01  1.38947E+02 -9.68987E+01
 1.39474E+02 -9.89593E+01  1.39354E+02 -9.77669E+01
 1.39926E+02 -9.98893E+01  1.39769E+02 -9.86315E+01
 1.40396E+02 -1.00804E+02  1.40191E+02 -9.94922E+01
 1.40886E+02 -1.01699E+02  1.40623E+02 -1.00348E+02
 1.41396E+02 -1.02570E+02  1.41066E+02 -1.01199E+02
 1.41928E+02 -1.03414E+02  1.41521E+02 -1.02043E+02
 1.42482E+02 -1.04227E+02  1.41990E+02 -1.02879E+02
 1.43058E+02 -1.05003E+02  1.42474E+02 -1.03707E+02
 1.43655E+02 -1.05740E+02  1.42975E+02 -1.04525E+02
 1.44275E+02 -1.06434E+02  1.43496E+02 -1.05329E+02
 1.44916E+02 -1.07080E+02  1.44041E+02 -1.06119E+02
 1.45579E+02 -1.07675E+02  1.44612E+02 -1.06889E+02
 1.46261E+02 -1.08215E+02  1.45213E+02 -1.07636E+02
 1.46963E+02 -1.08699E+02  1.45850E+02 -1.08352E+02
 1.47683E+02 -1.09122E+02  1.46528E+02 -1.09030E+02
 1.48420E+02 -1.09483E+02  1.47253E+02 -1.09657E+02
 1.49172E+02 -1.09780E+02  1.48031E+02 -1.10217E+02
 1.49939E+02 -1.10011E+02  1.48865E+02 -1.10690E+02
 1.50717E+02 -1.10175E+02  1.49753E+02 -1.11048E+02
 1.51506E+02 -1.10271E+02  1.50685E+02 -1.11271E+02
 1.52304E+02 -1.10300E+02  1.51640E+02 -1.11344E+02
 1.53108E+02 -1.10262E+02  1.52595E+02 -1.11273E+02
 1.53917E+02 -1.10157E+02  1.53533E+02 -1.11075E+02
 1.54728E+02 -1.09987E+02  1.54442E+02 -1.10773E+02
 1.55541E+02 -1.09754E+02  1.55320E+02 -1.10388E+02
 1.56352E+02 -1.09459E+02  1.56166E+02 -1.09936E+02
 1.57161E+02 -1.09105E+02  1.56984E+02 -1.09437E+02
 1.57965E+02 -1.08695E+02  1.57778E+02 -1.08900E+02
 1.58763E+02 -1.08232E+02  1.58549E+02 -1.08329E+02
 1.59553E+02 -1.07720E+02  1.59298E+02 -1.07731E+02
 1.60335E+02 -1.07162E+02  1.60031E+02 -1.07112E+02
 1.61107E+02 -1.06562E+02  1.60748E+02 -1.06476E+02
 1.61868E+02 -1.05924E+02  1.61451E+02 -1.05824E+02
 1.62617E+02 -1.05253E+02  1.62142E+02 -1.05159E+02
 1.63354E+02 -1.04552E+02  1.62822E+02 -1.04483E+02
 1.64079E+02 -1.03825E+02  1.63495E+02 -1.03800E+02
 1.64791E+02 -1.03076E+02  1.64160E+02 -1.03109E+02
 1.65489E+02 -1.02310E+02  1.64818E+02 -1.02412E+02
 1.66176E+02 -1.01531E+02  1.65471E+02 -1.01709E+02
 1.66849E+02 -1.00741E+02  1.66120E+02 -1.01004E+02
 1.67511E+02 -9.99446E+01  1.66763E+02 -1.00292E+02
 1.68162E+02 -9.91445E+01  1.67401E+02 -9.95763E+01
 1.68802E+02 -9.83438E+01  1.68039E+02 -9.88606E+01
 1.69433E+02 -9.75449E+01  1.68676E+02 -9.81443E+01
 1.70055E+02 -9.67501E+01  1.69310E+02 -9.74248E+01
 1.70669E+02 -9.59612E+01  1.69942E+02 -9.67035E+01
 1.71277E+02 -9.51799E+01  1.70574E+02 -9.59820E+01
 1.71880E+02 -9.44074E+01  1.71204E+02 -9.52596E+01
 1.72478E+02 -9.36445E+01  1.71832E+02 -9.45349E+01
 1.73073E+02 -9.28919E+01  1.72462E+02 -9.38117E+01
 1.73666E+02 -9.21497E+01  1.73089E+02 -9.30864E+01
 1.74258E+02 -9.14179E+01  1.73712E+02 -9.23578E+01
 1.74850E+02 -9.06963E+01  1.74337E+02 -9.16307E+01
 1.75443E+02 -8.99843E+01  1.74966E+02 -9.09063E+01
 1.76037E+02 -8.92812E+01  1.75594E+02 -9.01824E+01
 1.76634E+02 -8.85859E+01  1.76222E+02 -8.94570E+01
 1.77234E+02 -8.78975E+01  1.76847E+02 -8.87303E+01
 1.77838E+02 -8.72147E+01  1.77472E+02 -8.80031E+01
 1.78446E+02 -8.65363E+01  1.78096E+02 -8.72749E+01
 1.79058E+02 -8.58608E+01  1.78723E+02 -8.65495E+01
 1.79674E+02 -8.51870E+01  1.79354E+02 -8.58272E+01
 1.80295E+02 -8.45136E+01  1.79981E+02 -8.51021E+01
 1.80920E+02 -8.38392E+01  1.80606E+02 -8.43750E+01
 1.81549E+02 -8.31626E+01  1.81232E+02 -8.36488E+01
 1.82181E+02 -8.24827E+01  1.81860E+02 -8.29237E+01
 1.82818E+02 -8.17985E+01  1.82487E+02 -8.21988E+01
 1.83457E+02 -8.11091E+01  1.83115E+02 -8.14735E+01
 1.84098E+02 -8.04138E+01  1.83741E+02 -8.07478E+01
 1.84741E+02 -7.97120E+01  1.84366E+02 -8.00207E+01
 1.85386E+02 -7.90033E+01  1.84990E+02 -7.92919E+01
 1.86030E+02 -7.82873E+01  1.85618E+02 -7.85680E+01
 1.86675E+02 -7.75641E+01  1.86246E+02 -7.78428E+01
 1.87319E+02 -7.68336E+01  1.86867E+02 -7.71120E+01
 1.87961E+02 -7.60961E+01  1.87488E+02 -7.63821E+01
 1.88602E+02 -7.53518E+01  1.88112E+02 -7.56539E+01
 1.89239E+02 -7.46012E+01  1.88733E+02 -7.49233E+01
 1.89873E+02 -7.38449E+01  1.89353E+02 -7.41919E+01
 1.90504E+02 -7.30835E+01  1.89977E+02 -7.34633E+01
 1.91130E+02 -7.23176E+01  1.90595E+02 -7.27305E+01
 1.91752E+02 -7.15481E+01  1.91207E+02 -7.19924E+01
 1.92369E+02 -7.07756E+01  1.91818E+02 -7.12531E+01
 1.92980E+02 -7.00010E+01  1.92429E+02 -7.05143E+01
 1.93587E+02 -6.92249E+01  1.93039E+02 -6.97745E+01
 1.94188E+02 -6.84481E+01  1.93646E+02 -6.90324E+01
 1.94783E+02 -6.76713E+01  1.94250E+02 -6.82877E+01
 1.95374E+02 -6.68950E+01  1.94850E+02 -6.75395E+01
 1.95959E+02 -6.61198E+01  1.95444E+02 -6.67869E+01
 1.96538E+02 -6.53460E+01  1.96038E+02 -6.60337E+01
 1.97113E+02 -6.45740E+01  1.96631E+02 -6.52804E+01
 1.97683E+02 -6.38039E+01  1.97221E+02 -6.45246E+01
 1.98249E+02 -6.30359E+01  1.97806E+02 -6.37651E+01
 1.98810E+02 -6.22699E+01  1.98386E+02 -6.30011E+01
 1.99367E+02 -6.15058E+01  1.98959E+02 -6.22326E+01
 1.99920E+02 -6.07433E+01  1.99529E+02 -6.14616E+01
 2.00470E+02 -5.99822E+01  2.00099E+02 -6.06907E+01
 2.01016E+02 -5.92219E+01  2.00665E+02 -5.99163E+01
 2.01559E+02 -5.84619E+01  2.01227E+02 -5.91392E+01
 2.02100E+02 -5.77017E+01  2.01789E+02 -5.83624E+01
 2.02637E+02 -5.69407E+01  2.02343E+02 -5.75799E+01
 2.03171E+02 -5.61781E+01  2.02889E+02 -5.67916E+01
 2.03703E+02 -5.54134E+01  2.03430E+02 -5.59998E+01
 2.04232E+02 -5.46457E+01  2.03964E+02 -5.52035E+01
 2.04758E+02 -5.38744E+01  2.04492E+02 -5.44032E+01
 2.05281E+02 -5.30988E+01  2.05016E+02 -5.36004E+01
 2.05800E+02 -5.23184E+01  2.05537E+02 -5.27955E+01
 2.06317E+02 -5.15325E+01  2.06051E+02 -5.19858E+01
 2.06830E+02 -5.07407E+01  2.06560E+02 -5.11733E+01
 2.07339E+02 -4.99425E+01  2.07066E+02 -5.03584E+01
 2.07844E+02 -4.91376E+01  2.07565E+02 -4.95397E+01
 2.08345E+02 -4.83258E+01  2.08060E+02 -4.87188E+01
 2.08841E+02 -4.75068E+01  2.08552E+02 -4.78956E+01
 2.09332E+02 -4.66808E+01  2.09038E+02 -4.70691E+01
 2.09817E+02 -4.58476E+01  2.09518E+02 -4.62387E+01
 2.10297E+02 -4.50075E+01  2.09991E+02 -4.54048E+01
 2.10771E+02 -4.41607E+01  2.10458E+02 -4.45674E+01
 2.11239E+02 -4.33074E+01  2.10919E+02 -4.37266E+01
 2.11700E+02 -4.24482E+01  2.11374E+02 -4.28825E+01
 2.12154E+02 -4.15835E+01  2.11823E+02 -4.20351E+01
 2.12602E+02 -4.07137E+01  2.12265E+02 -4.11844E+01
 2.13042E+02 -3.98394E+01  2.12701E+02 -4.03305E+01
 2.13475E+02 -3.89613E+01  2.13132E+02 -3.94736E+01
 2.13901E+02 -3.80800E+01  2.13556E+02 -3.86137E+01
 2.14320E+02 -3.71960E+01  2.13974E+02 -3.77508E+01
 2.14731E+02 -3.63100E+01  2.14386E+02 -3.68850E+01
 2.15136E+02 -3.54225E+01  2.14793E+02 -3.60168E+01
 2.15533E+02 -3.45340E+01  2.15197E+02 -3.51472E+01
 2.15924E+02 -3.36452E+01  2.15599E+02 -3.42765E+01
 2.16308E+02 -3.27563E+01  2.15995E+02 -3.34031E+01
 2.16685E+02 -3.18677E+01  2.16386E+02 -3.25278E+01
 2.17056E+02 -3.09799E+01  2.16775E+02 -3.16511E+01
 2.17420E+02 -3.00928E+01  2.17156E+02 -3.07713E+01
 2.17779E+02 -2.92068E+01  2.17532E+02 -2.98892E+01
 2.18132E+02 -2.83217E+01  2.17905E+02 -2.90061E+01
 2.18480E+02 -2.74377E+01  2.18273E+02 -2.81206E+01
 2.18822E+02 -2.65544E+01  2.18633E+02 -2.72320E+01
 2.19158E+02 -2.56719E+01  2.18985E+02 -2.63399E+01
 2.19490E+02 -2.47896E+01  2.19328E+02 -2.54444E+01
 2.19816E+02 -2.39074E+01  2.19662E+02 -2.45456E+01
 2.20137E+02 -2.30249E+01  2.19989E+02 -2.36444E+01
 2.20453E+02 -2.21415E+01  2.20313E+02 -2.27419E+01
 2.20764E+02 -2.12568E+01  2.20637E+02 -2.18392E+01
 2.21069E+02 -2.03704E+01  2.20955E+02 -2.09345E+01
 2.21368E+02 -1.94816E+01  2.21262E+02 -2.00262E+01
 2.21662E+02 -1.85901E+01  2.21558E+02 -1.91142E+01
 2.21949E+02 -1.76953E+01  2.21845E+02 -1.81992E+01
 2.22229E+02 -1.67968E+01  2.22124E+02 -1.72818E+01
 2.22502E+02 -1.58941E+01  2.22396E+02 -1.63623E+01
 2.22767E+02 -1.49869E+01  2.22660E+02 -1.54407E+01
 2.23024E+02 -1.40748E+01  2.22917E+02 -1.45169E+01
 2.23272E+02 -1.31577E+01  2.23165E+02 -1.35906E+01
 2.23510E+02 -1.22353E+01  2.23403E+02 -1.26619E+01
 2.23739E+02 -1.13076E+01  2.23631E+02 -1.17304E+01
 2.23957E+02 -1.03745E+01  2.23846E+02 -1.07959E+01
 2.24164E+02 -9.43605E+00  2.24047E+02 -9.85835E+00
 2.24358E+02 -8.49249E+00  2.24233E+02 -8.91776E+00
 2.24541E+02 -7.54400E+00  2.24409E+02 -7.97523E+00
 2.24710E+02 -6.59090E+00  2.24582E+02 -7.03192E+00
 2.24865E+02 -5.63355E+00  2.24748E+02 -6.08766E+00
 2.25007E+02 -4.67239E+00  2.24901E+02 -5.14105E+00
 2.25134E+02 -3.70791E+00  2.25035E+02 -4.19157E+00
 2.25246E+02 -2.74065E+00  2.25149E+02 -3.23959E+00
 2.25343E+02 -1.77118E+00  2.25247E+02 -2.28571E+00
 2.25424E+02 -8.00103E-01  2.25330E+02 -1.33040E+00
 2.25490E+02  1.71973E-01  2.25397E+02 -3.73922E-01
 2.25540E+02  1.14443E+00  2.25450E+02  5.83504E-01
 2.25573E+02  2.11668E+00  2.25490E+02  1.54159E+00
 2.25591E+02  3.08811E+00  2.25517E+02  2.50000E+00
