 0.00000E+00  1.10956E+00  0.00000E+00  1.01793E+00  0.00000E+00
 6.28319E-02  1.11195E+00  3.76858E-01  9.36229E-01 -4.52284E+13
 1.25664E-01  1.11897E+00  6.12524E-01  7.74823E-01 -1.09417E+14
 1.88496E-01  1.13027E+00  7.27859E-01  6.30102E-01 -1.93566E+14
 2.51327E-01  1.14541E+00  7.83107E-01  5.24450E-01 -2.86197E+14
 3.14159E-01  1.16401E+00  8.14478E-01  4.51716E-01 -3.75088E+14
 3.76991E-01  1.18575E+00  8.38216E-01  4.02699E-01 -4.53110E+14
 4.39823E-01  1.21026E+00  8.60572E-01  3.70382E-01 -5.18420E+14
 5.02655E-01  1.23717E+00  8.83496E-01  3.50036E-01 -5.72452E+14
 5.65487E-01  1.26599E+00  9.07270E-01  3.38567E-01 -6.17998E+14
 6.28319E-01  1.29619E+00  9.31592E-01  3.33957E-01 -6.58092E+14
 6.91150E-01  1.32714E+00  9.56007E-01  3.34876E-01 -6.95577E+14
 7.53982E-01  1.35817E+00  9.80089E-01  3.40416E-01 -7.33114E+14
 8.16814E-01  1.38861E+00  1.00356E+00  3.49915E-01 -7.73416E+14
 8.79646E-01  1.41782E+00  1.02649E+00  3.62796E-01 -8.19654E+14
 9.42478E-01  1.44524E+00  1.04960E+00  3.78405E-01 -8.76028E+14
 1.00531E+00  1.47043E+00  1.07503E+00  3.95744E-01 -9.48688E+14
 1.06814E+00  1.49313E+00  1.10797E+00  4.12974E-01 -1.04735E+15
 1.13097E+00  1.51330E+00  1.16110E+00  4.26287E-01 -1.18850E+15
 1.19381E+00  1.53121E+00  1.26681E+00  4.27038E-01 -1.40237E+15
 1.25664E+00  1.54765E+00  1.51663E+00  3.93398E-01 -1.75021E+15
 1.31947E+00  1.56452E+00  2.19575E+00  2.61393E-01 -2.37355E+15
 1.38230E+00  1.58697E+00  3.80375E+00 -2.03752E-01 -3.66753E+15
 1.44513E+00  1.63422E+00  4.60436E+01 -2.24716E+00 -7.12309E+15
 1.50796E+00  1.84376E+00 -3.31213E+01 -1.92147E+01 -2.27126E+16
 1.57080E+00  1.55180E+00 -7.77512E+15  4.35141E+29  2.97680E+14
 1.63363E+00  1.80261E+00  3.44165E+01 -2.46431E+01  1.05162E+17
 1.69646E+00  1.61182E+00 -5.62827E+01 -4.88326E+00  2.79402E+16
 1.75929E+00  1.57398E+00 -3.80202E+00 -2.29490E+00  1.23742E+16
 1.82212E+00  1.55953E+00 -2.05299E+00 -1.63582E+00  7.00747E+15
 1.88496E+00  1.55177E+00 -1.09877E+00 -1.40795E+00  4.60648E+15
 1.94779E+00  1.54673E+00 -6.66156E-01 -1.31425E+00  3.35392E+15
 2.01062E+00  1.54314E+00 -4.29075E-01 -1.27007E+00  2.63076E+15
 2.07345E+00  1.54054E+00 -2.76435E-01 -1.24582E+00  2.18197E+15
 2.13628E+00  1.53873E+00 -1.67331E-01 -1.23004E+00  1.88773E+15
 2.19911E+00  1.53761E+00 -8.48255E-02 -1.21817E+00  1.68605E+15
 2.26195E+00  1.53710E+00 -2.09768E-02 -1.20845E+00  1.54239E+15
 2.32478E+00  1.53715E+00  2.84646E-02 -1.20032E+00  1.43635E+15
 2.38761E+00  1.53771E+00  6.60874E-02 -1.19362E+00  1.35525E+15
 2.45044E+00  1.53869E+00  9.36523E-02 -1.18835E+00  1.29091E+15
 2.51327E+00  1.54002E+00  1.12462E-01 -1.18450E+00  1.23787E+15
 2.57611E+00  1.54161E+00  1.23542E-01 -1.18199E+00  1.19233E+15
 2.63894E+00  1.54338E+00  1.27745E-01 -1.18070E+00  1.15163E+15
 2.70177E+00  1.54523E+00  1.25819E-01 -1.18044E+00  1.11380E+15
 2.76460E+00  1.54706E+00  1.18456E-01 -1.18098E+00  1.07743E+15
 2.82743E+00  1.54879E+00  1.06334E-01 -1.18205E+00  1.04143E+15
 2.89027E+00  1.55034E+00  9.01470E-02 -1.18339E+00  1.00505E+15
 2.95310E+00  1.55162E+00  7.06220E-02 -1.18475E+00  9.67733E+14
 3.01593E+00  1.55258E+00  4.85349E-02 -1.18589E+00  9.29149E+14
 3.07876E+00  1.55318E+00  2.47077E-02 -1.18666E+00  8.89145E+14
 3.14159E+00  1.55338E+00  2.27029E-15 -1.18693E+00  8.47736E+14
 3.20442E+00  1.55318E+00 -2.47077E-02 -1.18666E+00  8.05089E+14
 3.26726E+00  1.55258E+00 -4.85349E-02 -1.18589E+00  7.61503E+14
 3.33009E+00  1.55162E+00 -7.06220E-02 -1.18475E+00  7.17384E+14
 3.39292E+00  1.55034E+00 -9.01470E-02 -1.18339E+00  6.73227E+14
 3.45575E+00  1.54879E+00 -1.06334E-01 -1.18205E+00  6.29592E+14
 3.51858E+00  1.54706E+00 -1.18456E-01 -1.18098E+00  5.87079E+14
 3.58142E+00  1.54523E+00 -1.25819E-01 -1.18044E+00  5.46317E+14
 3.64425E+00  1.54338E+00 -1.27745E-01 -1.18070E+00  5.07953E+14
 3.70708E+00  1.54161E+00 -1.23542E-01 -1.18199E+00  4.72659E+14
 3.76991E+00  1.54002E+00 -1.12462E-01 -1.18450E+00  4.41141E+14
 3.83274E+00  1.53869E+00 -9.36523E-02 -1.18835E+00  4.14173E+14
 3.89557E+00  1.53771E+00 -6.60874E-02 -1.19362E+00  3.92661E+14
 3.95841E+00  1.53715E+00 -2.84646E-02 -1.20032E+00  3.77736E+14
 4.02124E+00  1.53710E+00  2.09768E-02 -1.20845E+00  3.70939E+14
 4.08407E+00  1.53761E+00  8.48255E-02 -1.21817E+00  3.74528E+14
 4.14690E+00  1.53873E+00  1.67331E-01 -1.23004E+00  3.92069E+14
 4.20973E+00  1.54054E+00  2.76435E-01 -1.24582E+00  4.29574E+14
 4.27257E+00  1.54314E+00  4.29075E-01 -1.27007E+00  4.97898E+14
 4.33540E+00  1.54673E+00  6.66156E-01 -1.31425E+00  6.18197E+14
 4.39823E+00  1.55177E+00  1.09877E+00 -1.40795E+00  8.35813E+14
 4.46106E+00  1.55953E+00  2.05299E+00 -1.63582E+00  1.26129E+15
 4.52389E+00  1.57398E+00  3.80202E+00 -2.29490E+00  2.21986E+15
 4.58673E+00  1.61182E+00  5.50650E+01 -4.88326E+00  5.00721E+15
 4.64956E+00  1.80261E+00 -1.98272E+01 -2.46431E+01  1.88426E+16
 4.71239E+00  1.59154E+00  6.76755E+15  1.75221E+30  3.34572E+15
 4.77522E+00  1.84376E+00  2.10877E+01 -1.92147E+01  2.27126E+16
 4.83805E+00  1.63422E+00 -4.51585E+01 -2.24716E+00  7.12309E+15
 4.90088E+00  1.58697E+00 -3.80375E+00 -2.03752E-01  3.66753E+15
 4.96372E+00  1.56452E+00 -2.19575E+00  2.61393E-01  2.37355E+15
 5.02655E+00  1.54765E+00 -1.51663E+00  3.93398E-01  1.75021E+15
 5.08938E+00  1.53121E+00 -1.26681E+00  4.27038E-01  1.40237E+15
 5.15221E+00  1.51330E+00 -1.16110E+00  4.26287E-01  1.18850E+15
 5.21504E+00  1.49313E+00 -1.10797E+00  4.12974E-01  1.04735E+15
 5.27788E+00  1.47043E+00 -1.07503E+00  3.95744E-01  9.48688E+14
 5.34071E+00  1.44524E+00 -1.04960E+00  3.78405E-01  8.76028E+14
 5.40354E+00  1.41782E+00 -1.02649E+00  3.62796E-01  8.19654E+14
 5.46637E+00  1.38861E+00 -1.00356E+00  3.49915E-01  7.73416E+14
 5.52920E+00  1.35817E+00 -9.80089E-01  3.40416E-01  7.33114E+14
 5.59203E+00  1.32714E+00 -9.56007E-01  3.34876E-01  6.95577E+14
 5.65487E+00  1.29619E+00 -9.31592E-01  3.33957E-01  6.58092E+14
 5.71770E+00  1.26599E+00 -9.07270E-01  3.38567E-01  6.17998E+14
 5.78053E+00  1.23717E+00 -8.83496E-01  3.50036E-01  5.72452E+14
 5.84336E+00  1.21026E+00 -8.60572E-01  3.70382E-01  5.18420E+14
 5.90619E+00  1.18575E+00 -8.38216E-01  4.02699E-01  4.53110E+14
 5.96903E+00  1.16401E+00 -8.14478E-01  4.51716E-01  3.75088E+14
 6.03186E+00  1.14541E+00 -7.83107E-01  5.24450E-01  2.86197E+14
 6.09469E+00  1.13027E+00 -7.27859E-01  6.30102E-01  1.93566E+14
 6.15752E+00  1.11897E+00 -6.12524E-01  7.74823E-01  1.09417E+14
 6.22035E+00  1.11195E+00 -3.76858E-01  9.36229E-01  4.52284E+13
 6.28319E+00  1.10956E+00  0.00000E+00  1.01793E+00  5.85820E+00
