   EFIT?   05/12/98      #128913  1500             3  65  65
  1.70000005e+00  3.20000005e+00  1.69550002e+00  8.39999974e-01  0.00000000e+00
  1.71046329e+00  3.16936709e-02 -3.39726627e-01 -9.39363316e-02 -2.06570840e+00
  9.92089562e+05 -3.39726627e-01  0.00000000e+00  1.71046329e+00  0.00000000e+00
  3.16936709e-02  0.00000000e+00 -9.39363316e-02  0.00000000e+00  0.00000000e+00
 -3.56531835e+00 -3.56563663e+00 -3.56558490e+00 -3.56521964e+00 -3.56458831e+00
 -3.56373215e+00 -3.56268597e+00 -3.56147981e+00 -3.56013989e+00 -3.55868793e+00
 -3.55714345e+00 -3.55552316e+00 -3.55384135e+00 -3.55211091e+00 -3.55034280e+00
 -3.54854703e+00 -3.54673243e+00 -3.54490733e+00 -3.54307961e+00 -3.54125595e+00
 -3.53944397e+00 -3.53764987e+00 -3.53587914e+00 -3.53413725e+00 -3.53242803e+00
 -3.53075528e+00 -3.52912188e+00 -3.52753067e+00 -3.52598381e+00 -3.52448320e+00
 -3.52303076e+00 -3.52162743e+00 -3.52027440e+00 -3.51897311e+00 -3.51772404e+00
 -3.51652789e+00 -3.51538515e+00 -3.51429629e+00 -3.51326156e+00 -3.51228094e+00
 -3.51135492e+00 -3.51048326e+00 -3.50966549e+00 -3.50890183e+00 -3.50819159e+00
 -3.50753427e+00 -3.50692916e+00 -3.50637531e+00 -3.50587201e+00 -3.50541782e+00
 -3.50501108e+00 -3.50465035e+00 -3.50433326e+00 -3.50405765e+00 -3.50382018e+00
 -3.50361753e+00 -3.50344586e+00 -3.50330019e+00 -3.50317550e+00 -3.50306463e+00
 -3.50296044e+00 -3.50285411e+00 -3.50273514e+00 -3.50259137e+00 -3.50240874e+00
  4.30334805e+04  3.95970156e+04  3.66565273e+04  3.40841328e+04  3.17919180e+04
  2.97194023e+04  2.78249375e+04  2.60797930e+04  2.44640527e+04  2.29637988e+04
  2.15691113e+04  2.02726777e+04  1.90687324e+04  1.79522520e+04  1.69182344e+04
  1.59609844e+04  1.50733115e+04  1.42464062e+04  1.34719795e+04  1.27439951e+04
  1.20582256e+04  1.14116504e+04  1.08020273e+04  1.02275762e+04  9.68673145e+03
  9.17807422e+03  8.70033691e+03  8.25230176e+03  7.83263135e+03  7.43967432e+03
  7.07123389e+03  6.72449268e+03  6.39667822e+03  6.08567822e+03  5.78991895e+03
  5.50813867e+03  5.23921094e+03  4.98198291e+03  4.73516650e+03  4.49752393e+03
  4.26811865e+03  4.04629517e+03  3.83158569e+03  3.62364331e+03  3.42219165e+03
  3.22698779e+03  3.03778564e+03  2.85430176e+03  2.67620679e+03  2.50318750e+03
  2.33499536e+03  2.17142310e+03  2.01227478e+03  1.85733875e+03  1.70635730e+03
  1.55898926e+03  1.41476270e+03  1.27300659e+03  1.13275623e+03  9.92615295e+02
  8.50649475e+02  7.04761597e+02  5.53160034e+02  3.94311829e+02  2.02882324e+02
  4.80893165e-01  1.09747343e-01 -2.05473140e-01 -4.72800046e-01 -6.99093461e-01
 -8.90209675e-01 -1.05114436e+00 -1.18615484e+00 -1.29886425e+00 -1.39235020e+00
 -1.46921992e+00 -1.53167415e+00 -1.58156121e+00 -1.62042165e+00 -1.64952636e+00
 -1.66990781e+00 -1.68238473e+00 -1.68758273e+00 -1.68594909e+00 -1.67776418e+00
 -1.66323328e+00 -1.64303625e+00 -1.61799717e+00 -1.58882236e+00 -1.55611742e+00
 -1.52040148e+00 -1.48211980e+00 -1.44165528e+00 -1.39933705e+00 -1.35544896e+00
 -1.31023657e+00 -1.26391304e+00 -1.21666420e+00 -1.16865349e+00 -1.12002540e+00
 -1.07090962e+00 -1.02142370e+00 -9.71676230e-01 -9.21769321e-01 -8.71801317e-01
 -8.21868896e-01 -7.72069812e-01 -7.22504854e-01 -6.73280716e-01 -6.24512315e-01
 -5.76325893e-01 -5.28861642e-01 -4.82277691e-01 -4.36753571e-01 -3.92494738e-01
 -3.49737674e-01 -3.08755547e-01 -2.69864917e-01 -2.33433604e-01 -1.99889496e-01
 -1.69731185e-01 -1.43540025e-01 -1.21994495e-01 -1.05886661e-01 -9.61416513e-02
 -9.38402414e-02 -1.00245304e-01 -1.16832711e-01 -1.45327434e-01 -1.87745720e-01
 -9.69239125e+05 -8.20364812e+05 -7.10952625e+05 -6.28670062e+05 -5.65044562e+05
 -5.14258312e+05 -4.72320125e+05 -4.36497750e+05 -4.04929125e+05 -3.76357438e+05
 -3.49952188e+05 -3.25191219e+05 -3.01786281e+05 -2.79642062e+05 -2.58842578e+05
 -2.39663281e+05 -2.22609359e+05 -2.08017719e+05 -1.95279609e+05 -1.83832062e+05
 -1.73295719e+05 -1.63420828e+05 -1.54051797e+05 -1.45104969e+05 -1.36550047e+05
 -1.28342820e+05 -1.20448109e+05 -1.12874672e+05 -1.05676977e+05 -9.89629531e+04
 -9.29093359e+04 -8.76628516e+04 -8.30528281e+04 -7.89062812e+04 -7.51162109e+04
 -7.16262969e+04 -6.84229531e+04 -6.55333594e+04 -6.30010078e+04 -6.07560312e+04
 -5.87111680e+04 -5.68075586e+04 -5.50064414e+04 -5.32836328e+04 -5.16260977e+04
 -5.00300859e+04 -4.85006016e+04 -4.70520703e+04 -4.56943320e+04 -4.44087500e+04
 -4.31805117e+04 -4.20029414e+04 -4.08765859e+04 -3.98092773e+04 -3.88172461e+04
 -3.79274336e+04 -3.71813281e+04 -3.66408594e+04 -3.63972227e+04 -3.65838398e+04
 -3.73475820e+04 -3.86263438e+04 -4.03230742e+04 -4.24001641e+04 -5.72904180e+04
 -5.71771972e-02 -6.12339154e-02 -6.56046942e-02 -7.03026503e-02 -7.53309801e-02
 -8.06808919e-02 -8.63365531e-02 -9.22923163e-02 -9.77456272e-02 -1.01943336e-01
 -1.07341051e-01 -1.15495533e-01 -1.24404393e-01 -1.30152360e-01 -1.33451894e-01
 -1.34573504e-01 -1.33545235e-01 -1.30249530e-01 -1.24371856e-01 -1.15267441e-01
 -1.01709113e-01 -8.75305384e-02 -7.56449997e-02 -6.50268570e-02 -5.50895892e-02
 -4.54542562e-02 -3.58250588e-02 -2.59170886e-02 -1.53950257e-02 -3.86832701e-03
  6.40029367e-03  1.46885598e-02  2.12677121e-02  2.60270555e-02  2.89097577e-02
  2.96791699e-02  2.92370152e-02  2.99691018e-02  3.15199867e-02  3.36641297e-02
  3.62549946e-02  3.91923226e-02  4.24036048e-02  4.58334014e-02  4.94368672e-02
  5.31756245e-02  5.70150912e-02  6.09226897e-02  6.48667440e-02  6.88158199e-02
  7.27384165e-02  7.66030103e-02  8.03783089e-02  8.40337574e-02  8.75402316e-02
  9.08707753e-02  9.40014422e-02  9.69120637e-02  9.95868891e-02  1.02015041e-01
  1.04190700e-01  1.06113076e-01  1.07786052e-01  1.09217688e-01  1.10419519e-01
 -5.89486063e-02 -6.33209497e-02 -6.81283027e-02 -7.34292418e-02 -7.92456865e-02
 -8.55326429e-02 -9.16398764e-02 -9.66239572e-02 -1.00365013e-01 -1.02919973e-01
 -1.06370062e-01 -1.11300975e-01 -1.16455704e-01 -1.20244592e-01 -1.22397482e-01
 -1.22853197e-01 -1.21536188e-01 -1.18320137e-01 -1.13019831e-01 -1.05412714e-01
 -9.54613537e-02 -8.46757293e-02 -7.44230598e-02 -6.46835193e-02 -5.52603975e-02
 -4.59452644e-02 -3.65262553e-02 -2.67663617e-02 -1.63612328e-02 -4.95628640e-03
  5.27823763e-03  1.35957208e-02  2.02310886e-02  2.51450706e-02  2.82396451e-02
  2.92453747e-02  2.91313361e-02  3.01600881e-02  3.20036486e-02  3.44461426e-02
  3.73493284e-02  4.06184383e-02  4.41842489e-02  4.79929224e-02  5.19998632e-02
  5.61657920e-02  6.04541041e-02  6.48291260e-02  6.92548975e-02  7.36944824e-02
  7.81096295e-02  8.24608728e-02  8.67079869e-02  9.08108279e-02  9.47304145e-02
  9.84303132e-02  1.01878040e-01  1.05046459e-01  1.07914917e-01  1.10470057e-01
  1.12706147e-01  1.14624932e-01  1.16235003e-01  1.17550835e-01  1.18591517e-01
 -5.98697253e-02 -6.43684492e-02 -6.93970695e-02 -7.51493573e-02 -8.17116499e-02
 -8.73788819e-02 -9.17706490e-02 -9.48405266e-02 -9.65499878e-02 -9.81711298e-02
 -1.00222774e-01 -1.02558695e-01 -1.04787707e-01 -1.06469505e-01 -1.07265376e-01
 -1.06956847e-01 -1.05403677e-01 -1.02515824e-01 -9.82561260e-02 -9.26770493e-02
 -8.59811157e-02 -7.85229802e-02 -7.06616119e-02 -6.26156032e-02 -5.44635281e-02
 -4.61998694e-02 -3.77773531e-02 -2.91338190e-02 -2.02240944e-02 -1.11672897e-02
 -2.68583396e-03  4.74249898e-03  1.10385176e-02  1.61742941e-02  2.01329831e-02
  2.29681674e-02  2.52387673e-02  2.77238730e-02  3.05747259e-02  3.37880626e-02
  3.73350233e-02  4.11819406e-02  4.52955551e-02  4.96439114e-02  5.41958958e-02
  5.89202382e-02  6.37844726e-02  6.87539205e-02  7.37908557e-02  7.88538978e-02
  8.38977322e-02  8.88733119e-02  9.37285498e-02  9.84096527e-02  1.02863014e-01
  1.07037589e-01  1.10887513e-01  1.14374660e-01  1.17470853e-01  1.20159306e-01
  1.22435249e-01  1.24305554e-01  1.25787452e-01  1.26906633e-01  1.27694815e-01
 -5.98456152e-02 -6.41333461e-02 -6.88417554e-02 -7.41194040e-02 -7.98365399e-02
 -8.40478465e-02 -8.65294784e-02 -8.82666036e-02 -8.98876116e-02 -9.14507583e-02
 -9.29593518e-02 -9.43406820e-02 -9.54527780e-02 -9.61193070e-02 -9.61691663e-02
 -9.54617709e-02 -9.38969254e-02 -9.14182663e-02 -8.80176798e-02 -8.37410614e-02
 -7.86889121e-02 -7.30013698e-02 -6.68272674e-02 -6.02933541e-02 -5.34905232e-02
 -4.64781336e-02 -3.92991155e-02 -3.20013054e-02 -2.46647745e-02 -1.74281429e-02
 -1.04795070e-02 -3.99304740e-03  1.92195515e-03  7.22639076e-03  1.19494405e-02
  1.61991920e-02  2.01612469e-02  2.40419339e-02  2.79968474e-02  3.21160927e-02
  3.64440568e-02  4.09983955e-02  4.57813963e-02  5.07859252e-02  5.59982322e-02
  6.13990612e-02  6.69637024e-02  7.26615191e-02  7.84551874e-02  8.42998549e-02
  9.01425704e-02  9.59221497e-02  1.01569921e-01  1.07011594e-01  1.12170331e-01
  1.16971001e-01  1.21345110e-01  1.25235856e-01  1.28602415e-01  1.31422877e-01
  1.33695364e-01  1.35437071e-01  1.36681527e-01  1.37474567e-01  1.37869671e-01
 -5.91521040e-02 -6.29708990e-02 -6.68897256e-02 -7.09364563e-02 -7.48556703e-02
 -7.76276886e-02 -7.99000785e-02 -8.18279237e-02 -8.34964737e-02 -8.49447623e-02
 -8.61725733e-02 -8.71438012e-02 -8.77931565e-02 -8.80380198e-02 -8.77924338e-02
 -8.69797096e-02 -8.55416954e-02 -8.34446996e-02 -8.06829110e-02 -7.72791207e-02
 -7.32819811e-02 -6.87590688e-02 -6.37870356e-02 -5.84420264e-02 -5.27938083e-02
 -4.69050333e-02 -4.08350639e-02 -3.46464105e-02 -2.84108650e-02 -2.22111270e-02
 -1.61341820e-02 -1.02573847e-02 -4.63402132e-03  7.16031762e-04  5.80996322e-03
  1.07003674e-02  1.54665746e-02  2.01988816e-02  2.49816682e-02  2.98829470e-02
  3.49519290e-02  4.02212329e-02  4.57102582e-02  5.14280573e-02  5.73751479e-02
  6.35443032e-02  6.99204504e-02  7.64798075e-02  8.31884071e-02  9.00002122e-02
  9.68551040e-02  1.03677318e-01  1.10375054e-01  1.16842300e-01  1.22963473e-01
  1.28621116e-01  1.33705735e-01  1.38126209e-01  1.41818821e-01  1.44753322e-01
  1.46935105e-01  1.48402825e-01  1.49222165e-01  1.49476856e-01  1.49258971e-01
 -5.85002713e-02 -6.19834326e-02 -6.48632571e-02 -6.75628632e-02 -7.01638684e-02
 -7.25226700e-02 -7.46007860e-02 -7.64112696e-02 -7.79715255e-02 -7.92876631e-02
 -8.03503618e-02 -8.11349377e-02 -8.16040486e-02 -8.17125067e-02 -8.14131945e-02
 -8.06630328e-02 -7.94281662e-02 -7.76877180e-02 -7.54359961e-02 -7.26829618e-02
 -6.94529042e-02 -6.57816082e-02 -6.17126338e-02 -5.72935566e-02 -5.25732860e-02
 -4.76007611e-02 -4.24250588e-02 -3.70961279e-02 -3.16651203e-02 -2.61831786e-02
 -2.06981692e-02 -1.52498214e-02 -9.86460969e-03 -4.55192802e-03  6.97458920e-04
  5.91023499e-03  1.11266682e-02  1.63948424e-02  2.17644982e-02  2.72820741e-02
  3.29877511e-02  3.89143340e-02  4.50872667e-02  5.15250303e-02  5.82394674e-02
  6.52356222e-02  7.25109503e-02  8.00535902e-02  8.78396332e-02  9.58291143e-02
  1.03960842e-01  1.12146474e-01  1.20265380e-01  1.28163069e-01  1.35656655e-01
  1.42549306e-01  1.48651674e-01  1.53805181e-01  1.57901585e-01  1.60895899e-01
  1.62810758e-01  1.63731545e-01  1.63791507e-01  1.63150042e-01  1.61970094e-01
 -5.74232042e-02 -6.06138483e-02 -6.28789514e-02 -6.48296177e-02 -6.67870864e-02
 -6.86718002e-02 -7.04266727e-02 -7.20164254e-02 -7.34178573e-02 -7.46114403e-02
 -7.55760893e-02 -7.62870759e-02 -7.67159611e-02 -7.68321082e-02 -7.66050443e-02
 -7.60071576e-02 -7.50162229e-02 -7.36174285e-02 -7.18046725e-02 -6.95809275e-02
 -6.69578537e-02 -6.39546216e-02 -6.05963506e-02 -5.69123849e-02 -5.29348068e-02
 -4.86972854e-02 -4.42342646e-02 -3.95802706e-02 -3.47690508e-02 -2.98322886e-02
 -2.47977506e-02 -1.96871385e-02 -1.45139825e-02 -9.28210188e-03 -3.98499379e-03
  1.39362912e-03  6.87824283e-03  1.24991639e-02  1.82899442e-02  2.42850129e-02
  3.05178855e-02  3.70200574e-02  4.38204296e-02  5.09450883e-02  5.84170967e-02
  6.62561357e-02  7.44775459e-02  8.30904916e-02  9.20946077e-02  1.01474188e-01
  1.11188725e-01  1.21158168e-01  1.31242767e-01  1.41222492e-01  1.50792241e-01
  1.59591272e-01  1.67261094e-01  1.73504084e-01  1.78123385e-01  1.81044474e-01
  1.82326615e-01  1.82159632e-01  1.80832371e-01  1.78670675e-01  1.75972477e-01
 -5.58642857e-02 -5.88101931e-02 -6.07120246e-02 -6.22950122e-02 -6.39040768e-02
 -6.54906929e-02 -6.70118779e-02 -6.84304386e-02 -6.97145239e-02 -7.08358139e-02
 -7.17677251e-02 -7.24842474e-02 -7.29595646e-02 -7.31684268e-02 -7.30870441e-02
 -7.26941749e-02 -7.19723329e-02 -7.09087700e-02 -6.94961473e-02 -6.77328408e-02
 -6.56227618e-02 -6.31749332e-02 -6.04026616e-02 -5.73227108e-02 -5.39543480e-02
 -5.03184497e-02 -4.64366898e-02 -4.23306786e-02 -3.80210653e-02 -3.35265361e-02
 -2.88626682e-02 -2.40407865e-02 -1.90669429e-02 -1.39411613e-02 -8.65712296e-03
 -3.20233172e-03  2.44127098e-03  8.29636492e-03  1.43891713e-02  2.07484290e-02
  2.74045840e-02  3.43892910e-02  4.17352170e-02  4.94761281e-02  5.76471686e-02
  6.62852079e-02  7.54290745e-02  8.51194337e-02  9.53977406e-02  1.06303141e-01
  1.17865011e-01  1.30085334e-01  1.42896935e-01  1.56068146e-01  1.69053748e-01
  1.81071639e-01  1.91356570e-01  1.99342847e-01  2.04694152e-01  2.07263604e-01
  2.07135782e-01  2.04712048e-01  2.00701624e-01  1.95898324e-01  1.90837190e-01
 -5.39732091e-02 -5.67276664e-02 -5.84507212e-02 -5.98400086e-02 -6.12688661e-02
 -6.27034083e-02 -6.41088337e-02 -6.54513240e-02 -6.66990951e-02 -6.78225532e-02
 -6.87940046e-02 -6.95873499e-02 -7.01779053e-02 -7.05425441e-02 -7.06599578e-02
 -7.05112070e-02 -7.00801611e-02 -6.93540201e-02 -6.83236420e-02 -6.69836700e-02
 -6.53325096e-02 -6.33720979e-02 -6.11074455e-02 -5.85461855e-02 -5.56979328e-02
 -5.25736660e-02 -4.91850674e-02 -4.55438308e-02 -4.16609533e-02 -3.75460088e-02
 -3.32063921e-02 -2.86466219e-02 -2.38677301e-02 -1.88667998e-02 -1.36367083e-02
 -8.16607755e-03 -2.43941951e-03  3.56258918e-03  9.86278430e-03  1.64872408e-02
  2.34651528e-02  3.08289193e-02  3.86145413e-02  4.68623526e-02  5.56181483e-02
  6.49348274e-02  7.48746246e-02  8.55122283e-02  9.69390273e-02  1.09269224e-01
  1.22648865e-01  1.37270540e-01  1.53401434e-01  1.71459630e-01  1.91834718e-01
  2.10224435e-01  2.24852875e-01  2.35596433e-01  2.42199883e-01  2.44130373e-01
  2.41257861e-01  2.32565731e-01  2.22716525e-01  2.13536590e-01  2.05179065e-01
 -5.18366136e-02 -5.44513613e-02 -5.60802147e-02 -5.73869199e-02 -5.87573685e-02
 -6.01609685e-02 -6.15634397e-02 -6.29316419e-02 -6.42344356e-02 -6.54428005e-02
 -6.65296391e-02 -6.74696043e-02 -6.82389662e-02 -6.88156113e-02 -6.91791624e-02
 -6.93112090e-02 -6.91955015e-02 -6.88182041e-02 -6.81680515e-02 -6.72364235e-02
 -6.60173446e-02 -6.45073205e-02 -6.27051368e-02 -6.06115125e-02 -5.82287386e-02
 -5.55602238e-02 -5.26100397e-02 -4.93824035e-02 -4.58811708e-02 -4.21093330e-02
 -3.80684882e-02 -3.37583795e-02 -2.91764811e-02 -2.43176352e-02 -1.91738158e-02
 -1.37339532e-02 -7.98383541e-03 -1.90605584e-03  4.52005863e-03  1.13185914e-02
  1.85173154e-02  2.61481926e-02  3.42481658e-02  4.28603701e-02  5.20358644e-02
  6.18361458e-02  7.23367482e-02  8.36324841e-02  9.58451852e-02  1.09135747e-01
  1.23723201e-01  1.39916629e-01  1.58169329e-01  1.79161981e-01  2.03857198e-01
  2.29296863e-01  2.48984009e-01  2.62879997e-01  2.71129996e-01  2.73635924e-01
  2.69503534e-01  2.58171588e-01  2.41674080e-01  2.27776200e-01  2.16163859e-01
 -4.94329147e-02 -5.19577712e-02 -5.35044074e-02 -5.48319221e-02 -5.62683605e-02
 -5.77628911e-02 -5.92751577e-02 -6.07711636e-02 -6.22210465e-02 -6.35975972e-02
 -6.48754612e-02 -6.60307556e-02 -6.70408607e-02 -6.78844377e-02 -6.85414523e-02
 -6.89933151e-02 -6.92230240e-02 -6.92152679e-02 -6.89565614e-02 -6.84352964e-02
 -6.76417351e-02 -6.65679723e-02 -6.52078092e-02 -6.35565296e-02 -6.16107211e-02
 -5.93679175e-02 -5.68263382e-02 -5.39845079e-02 -5.08409366e-02 -4.73937467e-02
 -4.36403342e-02 -3.95770483e-02 -3.51988748e-02 -3.04991696e-02 -2.54694037e-02
 -2.00989451e-02 -1.43748438e-02 -8.28162953e-03 -1.80105970e-03  5.08819474e-03
  1.24109900e-02  2.01963279e-02  2.84782276e-02  3.72969545e-02  4.67007048e-02
  5.67479618e-02  6.75107613e-02  7.90792331e-02  9.15680453e-02  1.05125383e-01
  1.19945571e-01  1.36285916e-01  1.54487133e-01  1.74993113e-01  1.98363200e-01
  2.25105047e-01  2.47835860e-01  2.64071286e-01  2.74055004e-01  2.77859867e-01
  2.75636733e-01  2.66487837e-01  2.50216484e-01  2.33616233e-01  2.20364004e-01
 -4.64033559e-02 -4.87755351e-02 -5.04810214e-02 -5.20556569e-02 -5.37351184e-02
 -5.54586463e-02 -5.71936816e-02 -5.89146093e-02 -6.05980009e-02 -6.22212626e-02
 -6.37622625e-02 -6.51992485e-02 -6.65109605e-02 -6.76767081e-02 -6.86765313e-02
 -6.94913194e-02 -7.01029599e-02 -7.04944432e-02 -7.06499740e-02 -7.05550686e-02
 -7.01965913e-02 -6.95627928e-02 -6.86432496e-02 -6.74287900e-02 -6.59113452e-02
 -6.40837625e-02 -6.19396344e-02 -5.94730340e-02 -5.66783398e-02 -5.35499938e-02
 -5.00823036e-02 -4.62692194e-02 -4.21041399e-02 -3.75796929e-02 -3.26875150e-02
 -2.74179969e-02 -2.17600428e-02 -1.57008022e-02 -9.22539923e-03 -2.31659482e-03
  5.04560070e-03  1.28844343e-02  2.12270580e-02  3.01053543e-02  3.95570174e-02
  4.96268831e-02  6.03686385e-02  7.18468651e-02  8.41394365e-02  9.73400548e-02
  1.11560516e-01  1.26931757e-01  1.43602386e-01  1.61734238e-01  1.81501195e-01
  2.03138039e-01  2.25337029e-01  2.41182908e-01  2.51528800e-01  2.56822199e-01
  2.56862670e-01  2.52067059e-01  2.41705641e-01  2.27103636e-01  2.15411022e-01
 -4.28149700e-02 -4.48992923e-02 -4.70614806e-02 -4.91745770e-02 -5.12393154e-02
 -5.32894284e-02 -5.53289838e-02 -5.73498234e-02 -5.93380034e-02 -6.12764657e-02
 -6.31463975e-02 -6.49280101e-02 -6.66010454e-02 -6.81451187e-02 -6.95399567e-02
 -7.07655698e-02 -7.18024448e-02 -7.26315975e-02 -7.32347593e-02 -7.35944808e-02
 -7.36942738e-02 -7.35187754e-02 -7.30537921e-02 -7.22862482e-02 -7.12041482e-02
 -6.97964132e-02 -6.80527985e-02 -6.59637302e-02 -6.35202453e-02 -6.07138462e-02
 -5.75364605e-02 -5.39803505e-02 -5.00380211e-02 -4.57021333e-02 -4.09652591e-02
 -3.58196236e-02 -3.02567855e-02 -2.42673941e-02 -1.78409498e-02 -1.09655606e-02
 -3.62770655e-03  4.18801699e-03  1.24991778e-02  2.13257857e-02  3.06905471e-02
  4.06190418e-02  5.11396863e-02  6.22833148e-02  7.40819797e-02  8.65663812e-02
  9.97608006e-02  1.13673806e-01  1.28281295e-01  1.43495202e-01  1.59101874e-01
  1.74627960e-01  1.89105257e-01  2.01253772e-01  2.10308388e-01  2.16028094e-01
  2.18402416e-01  2.17587575e-01  2.14004904e-01  2.08582401e-01  2.02629328e-01
 -3.98427099e-02 -4.18776646e-02 -4.42042388e-02 -4.65919822e-02 -4.89682592e-02
 -5.13426103e-02 -5.37160933e-02 -5.60822263e-02 -5.84290363e-02 -6.07408993e-02
 -6.29998371e-02 -6.51864186e-02 -6.72803298e-02 -6.92607313e-02 -7.11064935e-02
 -7.27963746e-02 -7.43090659e-02 -7.56233111e-02 -7.67179802e-02 -7.75722340e-02
 -7.81658515e-02 -7.84797519e-02 -7.84961507e-02 -7.81985149e-02 -7.75713697e-02
 -7.66002238e-02 -7.52714649e-02 -7.35723153e-02 -7.14908168e-02 -6.90158755e-02
 -6.61372989e-02 -6.28459454e-02 -5.91338836e-02 -5.49944937e-02 -5.04223295e-02
 -4.54124175e-02 -3.99598405e-02 -3.40595283e-02 -2.77061127e-02 -2.08938252e-02
 -1.36164511e-02 -5.86732104e-03  2.36062170e-03  1.10746361e-02  2.02818159e-02
  2.99884323e-02  4.01988178e-02  5.09135909e-02  6.21268153e-02  7.38216341e-02
  8.59635994e-02  9.84906554e-02  1.11298576e-01  1.24220639e-01  1.37002677e-01
  1.49283230e-01  1.60606980e-01  1.70501903e-01  1.78589061e-01  1.84647486e-01
  1.88622832e-01  1.90621391e-01  1.90907344e-01  1.89878970e-01  1.87987536e-01
 -3.72061320e-02 -3.92668955e-02 -4.16956730e-02 -4.42836620e-02 -4.69275229e-02
 -4.96187545e-02 -5.23463003e-02 -5.50959408e-02 -5.78507818e-02 -6.05920032e-02
 -6.32994696e-02 -6.59522042e-02 -6.85286447e-02 -7.10067824e-02 -7.33642429e-02
 -7.55782127e-02 -7.76254609e-02 -7.94821680e-02 -8.11238438e-02 -8.25252384e-02
 -8.36605653e-02 -8.45066160e-02 -8.50424245e-02 -8.52485448e-02 -8.51065814e-02
 -8.45989808e-02 -8.37090015e-02 -8.24207515e-02 -8.07192624e-02 -7.85906091e-02
 -7.60221481e-02 -7.30028152e-02 -6.95238858e-02 -6.55800104e-02 -6.11702800e-02
 -5.62939830e-02 -5.09504341e-02 -4.51393612e-02 -3.88608463e-02 -3.21154110e-02
 -2.49041580e-02 -1.72289405e-02 -9.09262337e-03 -4.99503454e-04  8.54403060e-03
  1.80285163e-02  2.79399939e-02  3.82580161e-02  4.89528850e-02  5.99819645e-02
  7.12848455e-02  8.27773735e-02  9.43449065e-02  1.05835862e-01  1.17058337e-01
  1.27784058e-01  1.37764275e-01  1.46757960e-01  1.54564917e-01  1.61052942e-01
  1.66172624e-01  1.69960365e-01  1.72530428e-01  1.74055502e-01  1.74736619e-01
 -3.45539562e-02 -3.66666690e-02 -3.92374136e-02 -4.20448817e-02 -4.49809991e-02
 -4.80252765e-02 -5.11541776e-02 -5.43429591e-02 -5.75667806e-02 -6.08012453e-02
 -6.40225112e-02 -6.72071949e-02 -7.03321174e-02 -7.33740479e-02 -7.63094351e-02
 -7.91141912e-02 -8.17635208e-02 -8.42316374e-02 -8.64907652e-02 -8.85106847e-02
 -9.02489871e-02 -9.16798487e-02 -9.27817971e-02 -9.35342461e-02 -9.39166918e-02
 -9.39087719e-02 -9.34905037e-02 -9.26426426e-02 -9.13468674e-02 -8.95858184e-02
 -8.73431340e-02 -8.46035257e-02 -8.13537464e-02 -7.75863230e-02 -7.33198673e-02
 -6.85586259e-02 -6.33047149e-02 -5.75628877e-02 -5.13384156e-02 -4.46375832e-02
 -3.74682769e-02 -2.98400354e-02 -2.17642542e-02 -1.32546034e-02 -4.32770513e-03
  4.99594817e-03  1.46907456e-02  2.47243661e-02  3.50558050e-02  4.56330366e-02
  5.63903786e-02  6.72458857e-02  7.80991688e-02  8.88305455e-02  9.93025675e-02
  1.09365031e-01  1.18864104e-01  1.27654597e-01  1.35613367e-01  1.42650962e-01
  1.48719028e-01  1.53812528e-01  1.57966390e-01  1.61247388e-01  1.63742557e-01
 -3.16219963e-02 -3.37972194e-02 -3.65488306e-02 -3.96390744e-02 -4.29471806e-02
 -4.64316495e-02 -5.00499345e-02 -5.37631251e-02 -5.75370640e-02 -6.13418184e-02
 -6.51505888e-02 -6.89386278e-02 -7.26822391e-02 -7.63579756e-02 -7.99419880e-02
 -8.34095702e-02 -8.67352858e-02 -8.98948759e-02 -9.28589776e-02 -9.56262797e-02
 -9.80360880e-02 -1.00104317e-01 -1.01821147e-01 -1.03167966e-01 -1.04122043e-01
 -1.04659148e-01 -1.04755089e-01 -1.04386628e-01 -1.03531882e-01 -1.02170207e-01
 -1.00281172e-01 -9.78420228e-02 -9.48219299e-02 -9.11401436e-02 -8.69785920e-02
 -8.23023766e-02 -7.70997703e-02 -7.13878646e-02 -6.51755556e-02 -5.84727786e-02
 -5.12941591e-02 -4.36562262e-02 -3.55775282e-02 -2.70789042e-02 -1.81840751e-02
 -8.92039016e-03  6.80275669e-04  1.05804484e-02  2.07358710e-02  3.10942437e-02
  4.15940434e-02  5.21635897e-02  6.27206713e-02  7.31730685e-02  8.34203437e-02
  9.33571011e-02  1.02877669e-01  1.11881740e-01  1.20280184e-01  1.28000066e-01
  1.34988114e-01  1.41212061e-01  1.46660060e-01  1.51338264e-01  1.55267507e-01
 -2.80441511e-02 -3.02656852e-02 -3.32607441e-02 -3.67803387e-02 -4.06311154e-02
 -4.47173044e-02 -4.89648990e-02 -5.33202924e-02 -5.77440485e-02 -6.22055903e-02
 -6.66796193e-02 -7.11437017e-02 -7.55766258e-02 -7.99571052e-02 -8.42625052e-02
 -8.84670243e-02 -9.25379768e-02 -9.64748338e-02 -1.00129813e-01 -1.03511035e-01
 -1.06588922e-01 -1.09338000e-01 -1.11730464e-01 -1.13736041e-01 -1.15323022e-01
 -1.16459601e-01 -1.17115028e-01 -1.17260516e-01 -1.16869912e-01 -1.15920082e-01
 -1.14391021e-01 -1.12265885e-01 -1.09531201e-01 -1.06178805e-01 -1.02222323e-01
 -9.76487771e-02 -9.24138501e-02 -8.66787136e-02 -8.04229304e-02 -7.36472458e-02
 -6.63830340e-02 -5.86534813e-02 -5.04833572e-02 -4.18986902e-02 -3.29277813e-02
 -2.36017257e-02 -1.39550315e-02 -4.02622623e-03  6.14152383e-03  1.64998434e-02
  2.69946922e-02  3.75661291e-02  4.81484123e-02  5.86705245e-02  6.90572634e-02
  7.92308301e-02  8.91127735e-02  9.86261815e-02  1.07697643e-01  1.16258807e-01
  1.24247387e-01  1.31607726e-01  1.38291225e-01  1.44257098e-01  1.49473935e-01
 -2.30665635e-02 -2.52000466e-02 -2.87500788e-02 -3.31525952e-02 -3.79184410e-02
 -4.28676195e-02 -4.79253232e-02 -5.30523770e-02 -5.82238212e-02 -6.34210929e-02
 -6.86286017e-02 -7.38319531e-02 -7.90169016e-02 -8.41687024e-02 -8.92721266e-02
 -9.43131521e-02 -9.91144329e-02 -1.03713937e-01 -1.08086899e-01 -1.12206444e-01
 -1.16038516e-01 -1.19545192e-01 -1.22686200e-01 -1.25420168e-01 -1.27705812e-01
 -1.29502997e-01 -1.30773738e-01 -1.31483123e-01 -1.31600052e-01 -1.31097943e-01
 -1.29955202e-01 -1.28155977e-01 -1.25690639e-01 -1.22556739e-01 -1.18759453e-01
 -1.14307262e-01 -1.09213486e-01 -1.03505589e-01 -9.71819982e-02 -9.02020261e-02
 -8.27517509e-02 -7.48264194e-02 -6.64579123e-02 -5.76740429e-02 -4.85057756e-02
 -3.89858708e-02 -2.91493423e-02 -1.90336406e-02 -8.67884699e-03  1.87217281e-03
  1.25737041e-02  2.33771969e-02  3.42313983e-02  4.50825989e-02  5.58749922e-02
  6.65510222e-02  7.70515800e-02  8.73158798e-02  9.72807333e-02  1.06879286e-01
  1.16039127e-01  1.24680683e-01  1.32716686e-01  1.40054524e-01  1.46602243e-01
 -1.57599319e-02 -1.71874631e-02 -2.27008816e-02 -2.90476885e-02 -3.51462997e-02
 -4.11579795e-02 -4.71380092e-02 -5.31090982e-02 -5.90810515e-02 -6.50572851e-02
 -7.10374415e-02 -7.70185217e-02 -8.29952508e-02 -8.89594778e-02 -9.48971510e-02
 -1.00643650e-01 -1.06217690e-01 -1.11612231e-01 -1.16802856e-01 -1.21753842e-01
 -1.26421824e-01 -1.30758956e-01 -1.34715095e-01 -1.38239488e-01 -1.41282156e-01
 -1.43795103e-01 -1.45733252e-01 -1.47055402e-01 -1.47725090e-01 -1.47711277e-01
 -1.46989062e-01 -1.45540342e-01 -1.43354341e-01 -1.40428066e-01 -1.36766359e-01
 -1.32381484e-01 -1.27292752e-01 -1.21525638e-01 -1.15106642e-01 -1.08062476e-01
 -1.00425042e-01 -9.21741053e-02 -8.34937766e-02 -7.43879899e-02 -6.48951009e-02
 -5.50479218e-02 -4.48814221e-02 -3.44311893e-02 -2.37337239e-02 -1.28261326e-02
 -1.74588186e-03  9.46936663e-03  2.07818635e-02  3.21538262e-02  4.35473695e-02
  5.49241938e-02  6.62447587e-02  7.74666667e-02  8.85417908e-02  9.94117856e-02
  1.10001534e-01  1.20211080e-01  1.29908100e-01  1.38926253e-01  1.47076204e-01
 -1.13469521e-02 -1.27067827e-02 -1.87793020e-02 -2.61065792e-02 -3.31870764e-02
 -4.01062109e-02 -4.69302572e-02 -5.37030846e-02 -6.04530610e-02 -6.71983361e-02
 -7.39503130e-02 -8.07162225e-02 -8.75018686e-02 -9.43161175e-02 -1.00976519e-01
 -1.07515275e-01 -1.13927245e-01 -1.20190524e-01 -1.26268893e-01 -1.32115990e-01
 -1.37678653e-01 -1.42899796e-01 -1.47720441e-01 -1.52081519e-01 -1.55925229e-01
 -1.59196228e-01 -1.61842719e-01 -1.63817316e-01 -1.65077925e-01 -1.65588573e-01
 -1.65320039e-01 -1.64250597e-01 -1.62366524e-01 -1.59662575e-01 -1.56142175e-01
 -1.51817486e-01 -1.46709174e-01 -1.40845895e-01 -1.34263262e-01 -1.27002880e-01
 -1.19110703e-01 -1.10631555e-01 -1.01610638e-01 -9.20336917e-02 -8.20885450e-02
 -7.17806593e-02 -6.11503497e-02 -5.02302647e-02 -3.90543416e-02 -2.76547913e-02
 -1.60613675e-02 -4.30122996e-03  7.60111678e-03  1.96238905e-02  3.17480266e-02
  4.39569578e-02  5.62359132e-02  6.85702488e-02  8.09421912e-02  9.33246911e-02
  1.05670244e-01  1.17891148e-01  1.29826486e-01  1.41200885e-01  1.51623666e-01
 -8.83360766e-03 -1.02776187e-02 -1.69245154e-02 -2.47648675e-02 -3.24493535e-02
 -4.00220342e-02 -4.75220867e-02 -5.49840480e-02 -6.24356717e-02 -6.98977560e-02
 -7.73845538e-02 -8.49039406e-02 -9.24569666e-02 -1.00036509e-01 -1.07512511e-01
 -1.14906251e-01 -1.22207716e-01 -1.29384980e-01 -1.36391431e-01 -1.43170819e-01
 -1.49660826e-01 -1.55795768e-01 -1.61508620e-01 -1.66732728e-01 -1.71403080e-01
 -1.75457627e-01 -1.78838208e-01 -1.81491539e-01 -1.83370009e-01 -1.84432462e-01
 -1.84644967e-01 -1.83981463e-01 -1.82424456e-01 -1.79965422e-01 -1.76605269e-01
 -1.72354549e-01 -1.67233482e-01 -1.61271840e-01 -1.54508516e-01 -1.46990746e-01
 -1.38772964e-01 -1.29914880e-01 -1.20478556e-01 -1.10521249e-01 -1.00093499e-01
 -8.91722813e-02 -7.79545754e-02 -6.64381087e-02 -5.46648465e-02 -4.26645465e-02
 -3.04596256e-02 -1.80668496e-02 -5.49766142e-03  7.24209752e-03  2.01527942e-02
  3.32417414e-02  4.65239435e-02  6.00226745e-02  7.37694874e-02  8.78030583e-02
  1.02165230e-01  1.16890319e-01  1.31973550e-01  1.47241607e-01  1.61759034e-01
 -8.20925087e-03 -9.85896029e-03 -1.65784732e-02 -2.47592870e-02 -3.28630432e-02
 -4.09140103e-02 -4.89418842e-02 -5.69753349e-02 -6.50394782e-02 -7.31548220e-02
 -8.13367888e-02 -8.95948857e-02 -9.79295820e-02 -1.06224649e-01 -1.14502415e-01
 -1.22757010e-01 -1.30958825e-01 -1.39061078e-01 -1.47005156e-01 -1.54724598e-01
 -1.62148058e-01 -1.69201717e-01 -1.75810993e-01 -1.81902334e-01 -1.87404335e-01
 -1.92248926e-01 -1.96372196e-01 -1.99715346e-01 -2.02225357e-01 -2.03855872e-01
 -2.04568058e-01 -2.04331204e-01 -2.03123450e-01 -2.00932443e-01 -1.97755828e-01
 -1.93601638e-01 -1.88488424e-01 -1.82445183e-01 -1.75511330e-01 -1.67736247e-01
 -1.59178510e-01 -1.49904579e-01 -1.39986575e-01 -1.29499584e-01 -1.18517265e-01
 -1.07101977e-01 -9.52975973e-02 -8.30296651e-02 -7.05488324e-02 -5.78646883e-02
 -4.49860021e-02 -3.19176875e-02 -1.86589174e-02 -5.20149572e-03  8.47190525e-03
  2.23899148e-02  3.65952589e-02  5.11485301e-02  6.61334619e-02  8.16646218e-02
  9.78996903e-02  1.15061484e-01  1.33484885e-01  1.53729960e-01  1.74925491e-01
 -8.65352061e-03 -1.05353119e-02 -1.74504872e-02 -2.58776508e-02 -3.42689268e-02
 -4.26612124e-02 -5.10912128e-02 -5.95889017e-02 -6.81786314e-02 -7.68808872e-02
 -8.57144371e-02 -9.47004184e-02 -1.03683911e-01 -1.12716071e-01 -1.21800207e-01
 -1.30911410e-01 -1.40004098e-01 -1.49018332e-01 -1.57884464e-01 -1.66526482e-01
 -1.74864605e-01 -1.82817504e-01 -1.90304071e-01 -1.97244704e-01 -2.03562349e-01
 -2.09183186e-01 -2.14037985e-01 -2.18062997e-01 -2.21200749e-01 -2.23400638e-01
 -2.24619463e-01 -2.24822029e-01 -2.23981872e-01 -2.22081974e-01 -2.19115436e-01
 -2.15086088e-01 -2.10009143e-01 -2.03911677e-01 -1.96832851e-01 -1.88823164e-01
 -1.79942846e-01 -1.70261294e-01 -1.59856021e-01 -1.48810267e-01 -1.37209356e-01
 -1.25135511e-01 -1.12658776e-01 -9.98153389e-02 -8.65898654e-02 -7.31880069e-02
 -5.96153773e-02 -4.58714776e-02 -3.19485962e-02 -1.78302657e-02 -3.48922494e-03
  1.11153815e-02  2.60418318e-02  4.13712375e-02  5.72153032e-02  7.37276226e-02
  9.11200419e-02  1.09685414e-01  1.29825071e-01  1.52068466e-01  1.75943360e-01
 -9.96915717e-03 -1.20895579e-02 -1.95003618e-02 -2.79989801e-02 -3.64934281e-02
 -4.50760871e-02 -5.37881590e-02 -6.26529530e-02 -7.16868192e-02 -8.09022412e-02
 -9.03070867e-02 -9.98992622e-02 -1.09564841e-01 -1.19341195e-01 -1.29221141e-01
 -1.39166996e-01 -1.49121180e-01 -1.59013033e-01 -1.68763325e-01 -1.78287536e-01
 -1.87498465e-01 -1.96308374e-01 -2.04630136e-01 -2.12378070e-01 -2.19469637e-01
 -2.25826696e-01 -2.31376112e-01 -2.36050293e-01 -2.39788711e-01 -2.42538348e-01
 -2.44253591e-01 -2.44896248e-01 -2.44435713e-01 -2.42849573e-01 -2.40124568e-01
 -2.36257926e-01 -2.31258929e-01 -2.25150481e-01 -2.17969581e-01 -2.09765524e-01
 -2.00599894e-01 -1.90546170e-01 -1.79686219e-01 -1.68108582e-01 -1.55907080e-01
 -1.43177271e-01 -1.30010754e-01 -1.16487280e-01 -1.02659352e-01 -8.85184333e-02
 -7.42519498e-02 -5.98575063e-02 -4.53254245e-02 -3.06376051e-02 -1.57658346e-02
 -6.69424946e-04  1.47080002e-02  3.04429941e-02  4.66386117e-02  6.34335577e-02
  8.10156316e-02  9.96420309e-02  1.19670480e-01  1.41603395e-01  1.65112630e-01
 -1.37551306e-02 -1.66018922e-02 -2.29315665e-02 -3.08484342e-02 -3.91993374e-02
 -4.78486605e-02 -5.67633808e-02 -6.59349933e-02 -7.53653124e-02 -8.50628093e-02
 -9.50432420e-02 -1.05156071e-01 -1.15451097e-01 -1.25930876e-01 -1.36565074e-01
 -1.47299796e-01 -1.58064991e-01 -1.68779686e-01 -1.79355785e-01 -1.89701140e-01
 -1.99722007e-01 -2.09324136e-01 -2.18413889e-01 -2.26900384e-01 -2.34696105e-01
 -2.41717935e-01 -2.47890249e-01 -2.53145784e-01 -2.57425308e-01 -2.60677010e-01
 -2.62855530e-01 -2.63921410e-01 -2.63840884e-01 -2.62586504e-01 -2.60138154e-01
 -2.56484717e-01 -2.51625955e-01 -2.45574787e-01 -2.38359362e-01 -2.30024904e-01
 -2.20634580e-01 -2.10265696e-01 -1.99005425e-01 -1.86950713e-01 -1.74203366e-01
 -1.60868719e-01 -1.47053480e-01 -1.32859766e-01 -1.18377008e-01 -1.03664570e-01
 -8.87135267e-02 -7.37029091e-02 -5.86247221e-02 -4.34646048e-02 -2.82009952e-02
 -1.28038079e-02  2.76695425e-03  1.85628142e-02  3.46487090e-02  5.11052571e-02
  6.80315644e-02  8.55494812e-02  1.03813820e-01  1.23057187e-01  1.43287972e-01
 -1.56285129e-02 -1.86693426e-02 -2.53190268e-02 -3.33456993e-02 -4.17653136e-02
 -5.05550206e-02 -5.96907400e-02 -6.91590607e-02 -7.89553151e-02 -8.90807360e-02
 -9.95408893e-02 -1.10208608e-01 -1.21121071e-01 -1.32268265e-01 -1.43606827e-01
 -1.55071363e-01 -1.66581780e-01 -1.78048208e-01 -1.89374790e-01 -2.00462610e-01
 -2.11210966e-01 -2.21518636e-01 -2.31286094e-01 -2.40415543e-01 -2.48814613e-01
 -2.56400019e-01 -2.63098747e-01 -2.68847764e-01 -2.73592561e-01 -2.77284950e-01
 -2.79881030e-01 -2.81340212e-01 -2.81625599e-01 -2.80704856e-01 -2.78551608e-01
 -2.75147259e-01 -2.70482481e-01 -2.64559209e-01 -2.57393867e-01 -2.49020919e-01
 -2.39494905e-01 -2.28891492e-01 -2.17306495e-01 -2.04846606e-01 -1.91624895e-01
 -1.77758738e-01 -1.63366050e-01 -1.48564741e-01 -1.33466706e-01 -1.18168429e-01
 -1.02731191e-01 -8.71368945e-02 -7.15667456e-02 -5.60129285e-02 -4.04647775e-02
 -2.49074232e-02 -9.32251289e-03  6.31017005e-03  2.20100228e-02  3.77908461e-02
  5.36518805e-02  6.95601329e-02  8.54131430e-02  1.00957170e-01  1.15651771e-01
 -1.67073123e-02 -1.99139509e-02 -2.69644782e-02 -3.52430977e-02 -4.38922755e-02
 -5.29206134e-02 -6.23277575e-02 -7.21125677e-02 -8.22747648e-02 -9.28138047e-02
 -1.03724122e-01 -1.14909828e-01 -1.26393914e-01 -1.38152406e-01 -1.50130212e-01
 -1.62251860e-01 -1.74428433e-01 -1.86562225e-01 -1.98550478e-01 -2.10287303e-01
 -2.21664593e-01 -2.32574493e-01 -2.42909282e-01 -2.52566457e-01 -2.61454046e-01
 -2.69493073e-01 -2.76617825e-01 -2.82772481e-01 -2.87905693e-01 -2.91970998e-01
 -2.94926941e-01 -2.96735227e-01 -2.97358871e-01 -2.96761841e-01 -2.94910073e-01
 -2.91774064e-01 -2.87332743e-01 -2.81578600e-01 -2.74521798e-01 -2.66188502e-01
 -2.56620795e-01 -2.45884180e-01 -2.34069556e-01 -2.21291542e-01 -2.07679361e-01
 -1.93364024e-01 -1.78478405e-01 -1.63152859e-01 -1.47515804e-01 -1.31687269e-01
 -1.15767896e-01 -9.98144969e-02 -8.37888122e-02 -6.78874254e-02 -5.21155074e-02
 -3.64709981e-02 -2.09520534e-02 -5.56141371e-03  9.68925096e-03  2.47733667e-02
  3.96406688e-02  5.42045236e-02  6.83255270e-02  8.17964897e-02  9.43444222e-02
 -1.77231207e-02 -2.11194083e-02 -2.81806309e-02 -3.66650485e-02 -4.55488376e-02
 -5.48361950e-02 -6.45335466e-02 -7.46477023e-02 -8.51881132e-02 -9.61698666e-02
 -1.07459597e-01 -1.19102858e-01 -1.31095618e-01 -1.43396154e-01 -1.55936852e-01
 -1.68632656e-01 -1.81386501e-01 -1.94093719e-01 -2.06645042e-01 -2.18927220e-01
 -2.30825350e-01 -2.42223158e-01 -2.53007203e-01 -2.63074756e-01 -2.72338390e-01
 -2.80727178e-01 -2.88180113e-01 -2.94641733e-01 -3.00066233e-01 -3.04415792e-01
 -3.07656795e-01 -3.09755236e-01 -3.10674518e-01 -3.10375154e-01 -3.08816522e-01
 -3.05959880e-01 -3.01771879e-01 -2.96229422e-01 -2.89325923e-01 -2.81078190e-01
 -2.71530122e-01 -2.60742098e-01 -2.48794332e-01 -2.35796243e-01 -2.21883893e-01
 -2.07208097e-01 -1.91916943e-01 -1.76156536e-01 -1.60067722e-01 -1.43787384e-01
 -1.27440616e-01 -1.11128204e-01 -9.48948860e-02 -7.86419883e-02 -6.26685247e-02
 -4.69589308e-02 -3.15131843e-02 -1.63426530e-02 -1.47064577e-03  1.30648017e-02
  2.72070020e-02  4.08764370e-02  5.39679341e-02  6.63518608e-02  7.78824762e-02
 -1.80974752e-02 -2.16219630e-02 -2.88877077e-02 -3.75689194e-02 -4.66760136e-02
 -5.62163144e-02 -6.61960617e-02 -7.66218901e-02 -8.75024199e-02 -9.88492072e-02
 -1.10537142e-01 -1.22610845e-01 -1.35059193e-01 -1.47832438e-01 -1.60855576e-01
 -1.74036801e-01 -1.87272951e-01 -2.00453773e-01 -2.13463798e-01 -2.26183370e-01
 -2.38490522e-01 -2.50261784e-01 -2.61381954e-01 -2.71751314e-01 -2.81289488e-01
 -2.89928287e-01 -2.97606528e-01 -3.04276943e-01 -3.09905648e-01 -3.14466238e-01
 -3.17932248e-01 -3.20270985e-01 -3.21441710e-01 -3.21397781e-01 -3.20092022e-01
 -3.17480832e-01 -3.13526064e-01 -3.08196455e-01 -3.01471442e-01 -2.93349773e-01
 -2.83859938e-01 -2.73065656e-01 -2.61051506e-01 -2.47917861e-01 -2.33796924e-01
 -2.18848303e-01 -2.03240201e-01 -1.87133268e-01 -1.70681506e-01 -1.54031903e-01
 -1.37322709e-01 -1.20671615e-01 -1.04152374e-01 -8.77360478e-02 -7.16371536e-02
 -5.58835268e-02 -4.04923633e-02 -2.54822709e-02 -1.08788274e-02  3.28244432e-03
  1.69542991e-02  3.00770849e-02  4.25796136e-02  5.43822050e-02  6.54023886e-02
 -1.79088879e-02 -2.15196777e-02 -2.90092658e-02 -3.78700085e-02 -4.71925773e-02
 -5.69829382e-02 -6.72401190e-02 -7.79647082e-02 -8.91614705e-02 -1.00840025e-01
 -1.12886265e-01 -1.25336796e-01 -1.38173401e-01 -1.51340559e-01 -1.64758265e-01
 -1.78330109e-01 -1.91948637e-01 -2.05499366e-01 -2.18861610e-01 -2.31910646e-01
 -2.44517654e-01 -2.56555617e-01 -2.67909914e-01 -2.78485805e-01 -2.88206816e-01
 -2.97003299e-01 -3.04821372e-01 -3.11626703e-01 -3.17399561e-01 -3.22124600e-01
 -3.25779200e-01 -3.28325510e-01 -3.29709798e-01 -3.29870939e-01 -3.28752428e-01
 -3.26310515e-01 -3.22513461e-01 -3.17335099e-01 -3.10751766e-01 -3.02748978e-01
 -2.93335915e-01 -2.82560587e-01 -2.70512879e-01 -2.57298738e-01 -2.43042916e-01
 -2.27904230e-01 -2.12064326e-01 -1.95699230e-01 -1.78975984e-01 -1.62051186e-01
 -1.45074695e-01 -1.28182530e-01 -1.11483976e-01 -9.50294286e-02 -7.87295029e-02
 -6.28946349e-02 -4.75162342e-02 -3.26005630e-02 -1.81648117e-02 -4.23549581e-03
  9.15247854e-03  2.19569616e-02  3.41303386e-02  4.56222408e-02  5.63832149e-02
 -1.72889903e-02 -2.09807977e-02 -2.84255687e-02 -3.74386311e-02 -4.69975844e-02
 -5.70678860e-02 -6.76213875e-02 -7.86456317e-02 -9.01411548e-02 -1.02117762e-01
 -1.14469655e-01 -1.27229303e-01 -1.40374541e-01 -1.53846666e-01 -1.67562902e-01
 -1.81424186e-01 -1.95320562e-01 -2.09134698e-01 -2.22742409e-01 -2.36015186e-01
 -2.48819605e-01 -2.61027485e-01 -2.72526175e-01 -2.83225566e-01 -2.93048620e-01
 -3.01928759e-01 -3.09822142e-01 -3.16707969e-01 -3.22579980e-01 -3.27431977e-01
 -3.31241786e-01 -3.33960682e-01 -3.35514963e-01 -3.35821718e-01 -3.34812015e-01
 -3.32445472e-01 -3.28705966e-01 -3.23584408e-01 -3.17065001e-01 -3.09127867e-01
 -2.99766779e-01 -2.89011776e-01 -2.76943028e-01 -2.63676852e-01 -2.49335974e-01
 -2.34075785e-01 -2.18081623e-01 -2.01543212e-01 -1.84636354e-01 -1.67525291e-01
 -1.50365263e-01 -1.33299246e-01 -1.16445154e-01 -9.98673961e-02 -8.35143179e-02
 -6.76559508e-02 -5.22947013e-02 -3.74387167e-02 -2.31026299e-02 -9.30737145e-03
  3.92053416e-03  1.65501274e-02  2.85476465e-02  3.98786515e-02  5.05105518e-02
 -1.54942339e-02 -1.92117803e-02 -2.66448651e-02 -3.59881632e-02 -4.59905714e-02
 -5.64629510e-02 -6.73673302e-02 -7.87003338e-02 -9.04726312e-02 -1.02702715e-01
 -1.15294307e-01 -1.28281981e-01 -1.41644001e-01 -1.55321598e-01 -1.69231653e-01
 -1.83274493e-01 -1.97339401e-01 -2.11307898e-01 -2.25054234e-01 -2.38447800e-01
 -2.51353234e-01 -2.63642520e-01 -2.75205135e-01 -2.85953730e-01 -2.95810819e-01
 -3.04714084e-01 -3.12627733e-01 -3.19540799e-01 -3.25456440e-01 -3.30374151e-01
 -3.34270746e-01 -3.37087363e-01 -3.38732392e-01 -3.39104056e-01 -3.38122934e-01
 -3.35752904e-01 -3.31993669e-01 -3.26853484e-01 -3.20326507e-01 -3.12392354e-01
 -3.03036124e-01 -2.92276233e-01 -2.80183971e-01 -2.66878128e-01 -2.52484143e-01
 -2.37154990e-01 -2.21076682e-01 -2.04445764e-01 -1.87442720e-01 -1.70236021e-01
 -1.52983159e-01 -1.35829911e-01 -1.18898012e-01 -1.02260605e-01 -8.58840123e-02
 -7.00218752e-02 -5.46765178e-02 -3.98555100e-02 -2.55717151e-02 -1.18430676e-02
  1.30809878e-03  1.38560953e-02  2.57733352e-02  3.70321386e-02  4.76067886e-02
 -1.11640999e-02 -1.41956098e-02 -2.30942573e-02 -3.37157398e-02 -4.44376133e-02
 -5.53947762e-02 -6.66560680e-02 -7.82656148e-02 -9.02594030e-02 -1.02671243e-01
 -1.15414932e-01 -1.28531948e-01 -1.42004564e-01 -1.55776516e-01 -1.69766352e-01
 -1.83875591e-01 -1.97994426e-01 -2.12004930e-01 -2.25781679e-01 -2.39194155e-01
 -2.52107233e-01 -2.64393717e-01 -2.75944471e-01 -2.86673397e-01 -2.96503514e-01
 -3.05374295e-01 -3.13252419e-01 -3.20129424e-01 -3.26010406e-01 -3.30895752e-01
 -3.34761471e-01 -3.37546468e-01 -3.39156121e-01 -3.39486361e-01 -3.38457584e-01
 -3.36035937e-01 -3.32224160e-01 -3.27033043e-01 -3.20457816e-01 -3.12478155e-01
 -3.03078949e-01 -2.92278618e-01 -2.80148923e-01 -2.66809195e-01 -2.52385557e-01
 -2.37031564e-01 -2.20933765e-01 -2.04288870e-01 -1.87277421e-01 -1.70067787e-01
 -1.52817339e-01 -1.35671481e-01 -1.18751243e-01 -1.02128461e-01 -8.57675150e-02
 -6.99221864e-02 -5.45941368e-02 -3.97901647e-02 -2.55224016e-02 -1.18081933e-02
  1.33044994e-03  1.38678346e-02  2.57760063e-02  3.70265916e-02  4.75929566e-02
 -9.09650140e-03 -1.19933859e-02 -2.10054573e-02 -3.19739208e-02 -4.30482589e-02
 -5.42943291e-02 -6.57758191e-02 -7.75464997e-02 -8.96531194e-02 -1.02138318e-01
 -1.14920460e-01 -1.28048852e-01 -1.41511098e-01 -1.55254707e-01 -1.69201225e-01
 -1.83254614e-01 -1.97307184e-01 -2.11243123e-01 -2.24939063e-01 -2.38266751e-01
 -2.51093090e-01 -2.63292074e-01 -2.74754941e-01 -2.85395622e-01 -2.95138299e-01
 -3.03920895e-01 -3.11706156e-01 -3.18480134e-01 -3.24242055e-01 -3.28988224e-01
 -3.32695156e-01 -3.35309148e-01 -3.36749911e-01 -3.36929917e-01 -3.35780054e-01
 -3.33264738e-01 -3.29374522e-01 -3.24105620e-01 -3.17444742e-01 -3.09372514e-01
 -2.99882680e-01 -2.89005995e-01 -2.76824385e-01 -2.63456225e-01 -2.49026105e-01
 -2.33691379e-01 -2.17638895e-01 -2.01058745e-01 -1.84126943e-01 -1.67007580e-01
 -1.49855599e-01 -1.32813171e-01 -1.15996361e-01 -9.94655192e-02 -8.31612647e-02
 -6.73558116e-02 -5.20493090e-02 -3.72471362e-02 -2.29612645e-02 -9.21050087e-03
  3.97989340e-03  1.65790617e-02  2.85520293e-02  3.98618802e-02  5.04726358e-02
 -7.84268137e-03 -1.06174387e-02 -1.99736655e-02 -3.10002174e-02 -4.21382338e-02
 -5.34394644e-02 -6.49517477e-02 -7.67228305e-02 -8.87984708e-02 -1.01222306e-01
 -1.13910004e-01 -1.26917437e-01 -1.40237406e-01 -1.53821558e-01 -1.67594910e-01
 -1.81464627e-01 -1.95326000e-01 -2.09066436e-01 -2.22566083e-01 -2.35700637e-01
 -2.48340935e-01 -2.60362685e-01 -2.71656632e-01 -2.82135129e-01 -2.91724443e-01
 -3.00359488e-01 -3.07995051e-01 -3.14606458e-01 -3.20182025e-01 -3.24711055e-01
 -3.28170925e-01 -3.30519795e-01 -3.31698328e-01 -3.31641406e-01 -3.30292732e-01
 -3.27612817e-01 -3.23575854e-01 -3.18160415e-01 -3.11345577e-01 -3.03118080e-01
 -2.93488771e-01 -2.82508373e-01 -2.70270646e-01 -2.56884933e-01 -2.42479593e-01
 -2.27216691e-01 -2.11279899e-01 -1.94845825e-01 -1.78081706e-01 -1.61144063e-01
 -1.44182518e-01 -1.27332762e-01 -1.10703610e-01 -9.43435729e-02 -7.81271905e-02
 -6.23896383e-02 -4.71135713e-02 -3.22981812e-02 -1.79546233e-02 -4.10447642e-03
  9.22065880e-03  2.19795275e-02  3.41223031e-02  4.55930866e-02  5.63341752e-02
 -8.16371571e-03 -1.08967712e-02 -1.98366884e-02 -3.07465196e-02 -4.17657718e-02
 -5.29344156e-02 -6.42993450e-02 -7.59064257e-02 -8.77992138e-02 -1.00019023e-01
 -1.12473175e-01 -1.25222579e-01 -1.38264850e-01 -1.51555642e-01 -1.65023640e-01
 -1.78579584e-01 -1.92122325e-01 -2.05543101e-01 -2.18726709e-01 -2.31553838e-01
 -2.43901238e-01 -2.55647302e-01 -2.66682327e-01 -2.76915133e-01 -2.86273152e-01
 -2.94690728e-01 -3.02114457e-01 -3.08507532e-01 -3.13845813e-01 -3.18109781e-01
 -3.21275920e-01 -3.23310971e-01 -3.24171722e-01 -3.23809743e-01 -3.22178155e-01
 -3.19235772e-01 -3.14947963e-01 -3.09286565e-01 -3.02233756e-01 -2.93791205e-01
 -2.83991605e-01 -2.72904128e-01 -2.60619044e-01 -2.47241959e-01 -2.32910246e-01
 -2.17787743e-01 -2.02044517e-01 -1.85842186e-01 -1.69334486e-01 -1.52667597e-01
 -1.35977909e-01 -1.19381301e-01 -1.02952428e-01 -8.66761431e-02 -7.07396939e-02
 -5.51594310e-02 -3.99437509e-02 -2.51023732e-02 -1.06512550e-02  3.38381878e-03
  1.69639364e-02  3.00340075e-02  4.25208174e-02  5.43339774e-02  6.53719455e-02
 -9.16130375e-03 -1.18359085e-02 -2.06004437e-02 -3.12498473e-02 -4.19654027e-02
 -5.28169833e-02 -6.38627186e-02 -7.51485229e-02 -8.67134780e-02 -9.85932797e-02
 -1.10681288e-01 -1.23041615e-01 -1.35675982e-01 -1.48543894e-01 -1.61577731e-01
 -1.74692109e-01 -1.87789798e-01 -2.00766250e-01 -2.13511646e-01 -2.25912064e-01
 -2.37851635e-01 -2.49213248e-01 -2.59887755e-01 -2.69780308e-01 -2.78814197e-01
 -2.86926180e-01 -2.94058740e-01 -3.00164998e-01 -3.05208892e-01 -3.09161246e-01
 -3.11994106e-01 -3.13676506e-01 -3.14172685e-01 -3.13443512e-01 -3.11448991e-01
 -3.08151901e-01 -3.03520977e-01 -2.97535986e-01 -2.90194154e-01 -2.81517774e-01
 -2.71557778e-01 -2.60382086e-01 -2.48077795e-01 -2.34761551e-01 -2.20576003e-01
 -2.05676138e-01 -1.90212801e-01 -1.74333066e-01 -1.58177376e-01 -1.41879186e-01
 -1.25555187e-01 -1.09288134e-01 -9.30836648e-02 -7.71330744e-02 -6.14421517e-02
 -4.60134484e-02 -3.08482461e-02 -1.59495603e-02 -1.32572104e-03  1.30049894e-02
  2.70079095e-02  4.06229384e-02  5.37529178e-02  6.62530363e-02  7.79323056e-02
 -1.12048425e-02 -1.38896657e-02 -2.25663260e-02 -3.26005146e-02 -4.27239910e-02
 -5.30499741e-02 -6.36147857e-02 -7.44423121e-02 -8.55556428e-02 -9.69793350e-02
 -1.08586974e-01 -1.20443612e-01 -1.32553950e-01 -1.44881099e-01 -1.57361463e-01
 -1.69913918e-01 -1.82445675e-01 -1.94856778e-01 -2.07042888e-01 -2.18896091e-01
 -2.30307370e-01 -2.41166934e-01 -2.51368016e-01 -2.60813951e-01 -2.69421965e-01
 -2.77124286e-01 -2.83864498e-01 -2.89591342e-01 -2.94259965e-01 -2.97832161e-01
 -3.00273538e-01 -3.01550955e-01 -3.01630884e-01 -3.00479621e-01 -2.98065066e-01
 -2.94360101e-01 -2.89346844e-01 -2.83022225e-01 -2.75402933e-01 -2.66523629e-01
 -2.56434262e-01 -2.45208770e-01 -2.32947141e-01 -2.19772905e-01 -2.05822021e-01
 -1.91231132e-01 -1.76137149e-01 -1.60673514e-01 -1.44970164e-01 -1.29146129e-01
 -1.13298476e-01 -9.74761993e-02 -8.16344544e-02 -6.60085827e-02 -5.05738594e-02
 -3.53123285e-02 -2.02079080e-02 -5.24494331e-03  9.59104951e-03  2.43105460e-02
  3.89139242e-02  5.33790886e-02  6.76351786e-02  8.15047845e-02  9.46081355e-02
 -1.53946271e-02 -1.84871294e-02 -2.55346913e-02 -3.43722403e-02 -4.37294133e-02
 -5.34365922e-02 -6.34411946e-02 -7.37295076e-02 -8.43057036e-02 -9.51863900e-02
 -1.06229700e-01 -1.17494993e-01 -1.28987178e-01 -1.40673548e-01 -1.52495682e-01
 -1.64377898e-01 -1.76232859e-01 -1.87965751e-01 -1.99477628e-01 -2.10666984e-01
 -2.21430868e-01 -2.31667280e-01 -2.41275176e-01 -2.50158757e-01 -2.58232117e-01
 -2.65420854e-01 -2.71662176e-01 -2.76903063e-01 -2.81096965e-01 -2.84201145e-01
 -2.86176592e-01 -2.86987931e-01 -2.86603302e-01 -2.84994721e-01 -2.82140136e-01
 -2.78026134e-01 -2.72650391e-01 -2.66021937e-01 -2.58164525e-01 -2.49121219e-01
 -2.38956586e-01 -2.27757066e-01 -2.15629160e-01 -2.02688500e-01 -1.89056665e-01
 -1.74857989e-01 -1.60216868e-01 -1.45256236e-01 -1.30090341e-01 -1.14814155e-01
 -9.94812772e-02 -8.40595737e-02 -6.87513873e-02 -5.35542145e-02 -3.84547487e-02
 -2.34323218e-02 -8.45910516e-03  6.50089374e-03  2.14933101e-02  3.65751944e-02
  5.18171452e-02  6.73063993e-02  8.31541494e-02  9.95272249e-02  1.16434462e-01
 -1.70295257e-02 -1.98483095e-02 -2.69563347e-02 -3.56150791e-02 -4.45522293e-02
 -5.37631884e-02 -6.32360950e-02 -7.29630142e-02 -8.29413310e-02 -9.31705311e-02
 -1.03645615e-01 -1.14273749e-01 -1.25080094e-01 -1.36045471e-01 -1.47121310e-01
 -1.58239827e-01 -1.69320568e-01 -1.80274829e-01 -1.91009238e-01 -2.01428235e-01
 -2.11435214e-01 -2.20933959e-01 -2.29830742e-01 -2.38034531e-01 -2.45459795e-01
 -2.52029508e-01 -2.57676184e-01 -2.62341321e-01 -2.65974313e-01 -2.68531293e-01
 -2.69973934e-01 -2.70269006e-01 -2.69388795e-01 -2.67311722e-01 -2.64023900e-01
 -2.59520888e-01 -2.53810287e-01 -2.46913910e-01 -2.38869995e-01 -2.29734913e-01
 -2.19583839e-01 -2.08505586e-01 -1.96598336e-01 -1.83969364e-01 -1.70730025e-01
 -1.56995237e-01 -1.42880321e-01 -1.28494278e-01 -1.13928966e-01 -9.92336124e-02
 -8.43809173e-02 -6.95773363e-02 -5.48232719e-02 -4.01127636e-02 -2.54314076e-02
 -1.07548507e-02  3.95324454e-03  1.87442694e-02  3.36891450e-02  4.88848202e-02
  6.44638762e-02  8.06089342e-02  9.75746885e-02  1.15719214e-01  1.34813994e-01
 -1.86407678e-02 -2.12906394e-02 -2.83325706e-02 -3.67271937e-02 -4.53043953e-02
 -5.40755242e-02 -6.30448833e-02 -7.22167417e-02 -8.15961808e-02 -9.11892951e-02
 -1.01003587e-01 -1.10921018e-01 -1.20971665e-01 -1.31144613e-01 -1.41399488e-01
 -1.51676133e-01 -1.61901146e-01 -1.71992421e-01 -1.81862444e-01 -1.91421181e-01
 -2.00577945e-01 -2.09242418e-01 -2.17325971e-01 -2.24743471e-01 -2.31414229e-01
 -2.37262487e-01 -2.42219672e-01 -2.46225297e-01 -2.49226838e-01 -2.51179338e-01
 -2.52045065e-01 -2.51793474e-01 -2.50401556e-01 -2.47854725e-01 -2.44147912e-01
 -2.39287347e-01 -2.33292222e-01 -2.26196468e-01 -2.18049347e-01 -2.08912581e-01
 -1.98859930e-01 -1.87976867e-01 -1.76356539e-01 -1.64098695e-01 -1.51308119e-01
 -1.38090491e-01 -1.24547310e-01 -1.10768765e-01 -9.68173221e-02 -8.26396346e-02
 -6.84579536e-02 -5.42796552e-02 -4.01086248e-02 -2.59424876e-02 -1.17704226e-02
  2.42908765e-03  1.66910533e-02  3.10678277e-02  4.56346348e-02  6.04975745e-02
  7.58052692e-02  9.17650312e-02  1.08662441e-01  1.26875371e-01  1.46074787e-01
 -2.07819734e-02 -2.33167615e-02 -2.99580265e-02 -3.80367003e-02 -4.62299697e-02
 -5.45438528e-02 -6.29919171e-02 -7.15876147e-02 -8.03435966e-02 -8.92716944e-02
 -9.83831212e-02 -1.07543886e-01 -1.16790138e-01 -1.26118794e-01 -1.35497436e-01
 -1.44873604e-01 -1.54181182e-01 -1.63344964e-01 -1.72283903e-01 -1.80913761e-01
 -1.89149305e-01 -1.96905896e-01 -2.04100668e-01 -2.10653231e-01 -2.16487303e-01
 -2.21531734e-01 -2.25721374e-01 -2.28997633e-01 -2.31308997e-01 -2.32611924e-01
 -2.32871071e-01 -2.32059762e-01 -2.30160594e-01 -2.27166235e-01 -2.23080352e-01
 -2.17918232e-01 -2.11706787e-01 -2.04485223e-01 -1.96305305e-01 -1.87230363e-01
 -1.77333131e-01 -1.66695327e-01 -1.55406326e-01 -1.43560082e-01 -1.31250545e-01
 -1.18565239e-01 -1.05569579e-01 -9.22870636e-02 -7.89072439e-02 -6.54326603e-02
 -5.19021787e-02 -3.83415669e-02 -2.47674827e-02 -1.11885015e-02  2.39531719e-03
  1.59936398e-02  2.96277516e-02  4.33332026e-02  5.71635403e-02  7.11957589e-02
  8.55389833e-02  1.00350022e-01  1.15866847e-01  1.32489473e-01  1.49609894e-01
 -2.31974442e-02 -2.55877525e-02 -3.20620462e-02 -3.97987254e-02 -4.75497432e-02
 -5.53458892e-02 -6.32159337e-02 -7.11841062e-02 -7.92698935e-02 -8.74896720e-02
 -9.58599001e-02 -1.04237601e-01 -1.12654336e-01 -1.21110372e-01 -1.29580587e-01
 -1.38020426e-01 -1.46371543e-01 -1.54566124e-01 -1.62530139e-01 -1.70185924e-01
 -1.77454218e-01 -1.84256047e-01 -1.90514043e-01 -1.96153626e-01 -2.01103956e-01
 -2.05298707e-01 -2.08677098e-01 -2.11184859e-01 -2.12774888e-01 -2.13407978e-01
 -2.13053346e-01 -2.11689368e-01 -2.09304005e-01 -2.05895528e-01 -2.01472998e-01
 -1.96056604e-01 -1.89677656e-01 -1.82378024e-01 -1.74210101e-01 -1.65236443e-01
 -1.55528575e-01 -1.45165265e-01 -1.34229720e-01 -1.22806273e-01 -1.10971779e-01
 -9.87913013e-02 -8.62429664e-02 -7.35476539e-02 -6.07329942e-02 -4.78269234e-02
 -3.48606221e-02 -2.18634121e-02 -8.86075292e-03  4.12683655e-03  1.70846023e-02
  3.00043356e-02  4.28851023e-02  5.57337925e-02  6.85652494e-02  8.14014152e-02
  9.42684487e-02  1.07188731e-01  1.20157555e-01  1.33048296e-01  1.45200342e-01
 -2.64993701e-02 -2.87970379e-02 -3.50332484e-02 -4.23043109e-02 -4.94771339e-02
 -5.66344261e-02 -6.38290271e-02 -7.10931420e-02 -7.84452856e-02 -8.58944505e-02
 -9.34409723e-02 -1.01073004e-01 -1.08670995e-01 -1.16252922e-01 -1.23806663e-01
 -1.31297976e-01 -1.38677374e-01 -1.45885110e-01 -1.52854651e-01 -1.59515470e-01
 -1.65795162e-01 -1.71621069e-01 -1.76921934e-01 -1.81629032e-01 -1.85677335e-01
 -1.89006358e-01 -1.91561073e-01 -1.93292692e-01 -1.94159508e-01 -1.94127515e-01
 -1.93171069e-01 -1.91273570e-01 -1.88427761e-01 -1.84636250e-01 -1.79911658e-01
 -1.74276784e-01 -1.67764634e-01 -1.60418034e-01 -1.52289152e-01 -1.43438175e-01
 -1.33931652e-01 -1.23840101e-01 -1.13231428e-01 -1.02170639e-01 -9.06535462e-02
 -7.88782164e-02 -6.68608919e-02 -5.46556786e-02 -4.23090532e-02 -2.98640151e-02
 -1.73620190e-02 -4.84297518e-03  7.65526388e-03  2.00974923e-02  3.24516706e-02
  4.46892604e-02  5.67851439e-02  6.87168613e-02  8.04625526e-02  9.19967741e-02
  1.03282601e-01  1.14257507e-01  1.24809816e-01  1.34750351e-01  1.43816873e-01
 -3.15527543e-02 -3.39828506e-02 -3.94860506e-02 -4.58418615e-02 -5.21277487e-02
 -5.84552996e-02 -6.48587421e-02 -7.13499561e-02 -7.79321939e-02 -8.46042857e-02
 -9.13623273e-02 -9.82007682e-02 -1.04967050e-01 -1.11676879e-01 -1.18321411e-01
 -1.24872498e-01 -1.31287768e-01 -1.37514845e-01 -1.43494695e-01 -1.49164140e-01
 -1.54457971e-01 -1.59310624e-01 -1.63657650e-01 -1.67436928e-01 -1.70589775e-01
 -1.73061952e-01 -1.74804494e-01 -1.75774530e-01 -1.75935999e-01 -1.75260276e-01
 -1.73726782e-01 -1.71323419e-01 -1.68046951e-01 -1.63903281e-01 -1.58907428e-01
 -1.53083533e-01 -1.46464348e-01 -1.39090821e-01 -1.31010845e-01 -1.22277483e-01
 -1.12943642e-01 -1.03064016e-01 -9.26350579e-02 -8.18436593e-02 -7.07062781e-02
 -5.92739992e-02 -4.75929826e-02 -3.57124321e-02 -2.36825962e-02 -1.15544451e-02
  6.20327075e-04  1.27895158e-02  2.49008480e-02  3.69025767e-02  4.87441197e-02
  6.03765994e-02  7.17530102e-02  8.28277767e-02  9.35553238e-02  1.03887260e-01
  1.13767989e-01  1.23128973e-01  1.31883353e-01  1.39924660e-01  1.47134125e-01
 -3.81318927e-02 -4.11057547e-02 -4.51962203e-02 -5.00094555e-02 -5.51908091e-02
 -6.06009103e-02 -6.61754161e-02 -7.18795657e-02 -7.76911229e-02 -8.35941434e-02
 -8.95769596e-02 -9.56329331e-02 -1.01593837e-01 -1.07464992e-01 -1.13235109e-01
 -1.18879899e-01 -1.24363229e-01 -1.29639968e-01 -1.34658635e-01 -1.39363721e-01
 -1.43697619e-01 -1.47602230e-01 -1.51020423e-01 -1.53897181e-01 -1.56180725e-01
 -1.57823443e-01 -1.58782691e-01 -1.59021616e-01 -1.58509761e-01 -1.57223687e-01
 -1.55147418e-01 -1.52272850e-01 -1.48599952e-01 -1.44136652e-01 -1.38898581e-01
 -1.32908225e-01 -1.26194447e-01 -1.18791424e-01 -1.10734180e-01 -1.02061689e-01
 -9.27604139e-02 -8.30081478e-02 -7.28149563e-02 -6.22248054e-02 -5.12782261e-02
 -4.00198810e-02 -2.84974687e-02 -1.67623274e-02 -4.86954255e-03  7.12200394e-03
  1.91496927e-02  3.11474707e-02  4.30464931e-02  5.47761172e-02  6.62651956e-02
  7.74435997e-02  8.82436633e-02  9.86013785e-02  1.08456992e-01  1.17754795e-01
  1.26442179e-01  1.34468347e-01  1.41783342e-01  1.48338750e-01  1.54090673e-01
 -4.27841991e-02 -4.57888134e-02 -4.94701080e-02 -5.36145642e-02 -5.80569133e-02
 -6.27302825e-02 -6.75801486e-02 -7.25653991e-02 -7.76547194e-02 -8.28227624e-02
 -8.80468637e-02 -9.33033600e-02 -9.85611677e-02 -1.03668511e-01 -1.08628146e-01
 -1.13424875e-01 -1.18030921e-01 -1.22409217e-01 -1.26516312e-01 -1.30304724e-01
 -1.33724794e-01 -1.36726275e-01 -1.39259666e-01 -1.41277403e-01 -1.42734841e-01
 -1.43591151e-01 -1.43810093e-01 -1.43360704e-01 -1.42217845e-01 -1.40362665e-01
 -1.37782961e-01 -1.34473488e-01 -1.30436108e-01 -1.25679210e-01 -1.20216712e-01
 -1.14063345e-01 -1.07234105e-01 -9.97498333e-02 -9.15815830e-02 -8.29009265e-02
 -7.37065077e-02 -6.40312359e-02 -5.39049506e-02 -4.33618091e-02 -3.24394554e-02
 -2.11799555e-02 -9.63048171e-03  2.15589395e-03  1.41194528e-02  2.61932071e-02
  3.83025371e-02  5.03652692e-02  6.22924045e-02  7.39896372e-02  8.53597820e-02
  9.63059962e-02  1.06735624e-01  1.16564035e-01  1.25718191e-01  1.34139135e-01
  1.41783282e-01  1.48622394e-01  1.54642656e-01  1.59843117e-01  1.64234415e-01
 -4.64315042e-02 -4.93814647e-02 -5.28380871e-02 -5.66147789e-02 -6.05848134e-02
 -6.47182241e-02 -6.89845979e-02 -7.33554736e-02 -7.78052285e-02 -8.23108628e-02
 -8.68515074e-02 -9.14086103e-02 -9.59679857e-02 -1.00358315e-01 -1.04570277e-01
 -1.08586803e-01 -1.12383880e-01 -1.15930893e-01 -1.19191878e-01 -1.22127198e-01
 -1.24695182e-01 -1.26853541e-01 -1.28560573e-01 -1.29776195e-01 -1.30462959e-01
 -1.30586728e-01 -1.30117461e-01 -1.29029617e-01 -1.27302602e-01 -1.24920957e-01
 -1.21874161e-01 -1.18157096e-01 -1.13770947e-01 -1.08720690e-01 -1.03022829e-01
 -9.66653377e-02 -8.95958692e-02 -8.19850937e-02 -7.38177821e-02 -6.51146099e-02
 -5.58927879e-02 -4.61731702e-02 -3.59793566e-02 -2.53385548e-02 -1.42823746e-02
 -2.84791808e-03  8.92091542e-03  2.09719166e-02  3.32429074e-02  4.56600934e-02
  5.81366010e-02  7.05716088e-02  8.28505233e-02  9.48466435e-02  1.06424972e-01
  1.17448099e-01  1.27784058e-01  1.37315080e-01  1.45945966e-01  1.53610602e-01
  1.60275564e-01  1.65940136e-01  1.70633078e-01  1.74406752e-01  1.77329853e-01
 -4.96238545e-02 -5.25071695e-02 -5.58110774e-02 -5.93231171e-02 -6.29395247e-02
 -6.66477010e-02 -7.04322830e-02 -7.42765814e-02 -7.81629682e-02 -8.20731297e-02
 -8.59879702e-02 -8.98870155e-02 -9.37466845e-02 -9.75349993e-02 -1.01089731e-01
 -1.04408354e-01 -1.07475661e-01 -1.10268526e-01 -1.12758562e-01 -1.14913963e-01
 -1.16700940e-01 -1.18085027e-01 -1.19032174e-01 -1.19509608e-01 -1.19486637e-01
 -1.18935451e-01 -1.17831543e-01 -1.16153769e-01 -1.13884710e-01 -1.11010857e-01
 -1.07517757e-01 -1.03390053e-01 -9.86255184e-02 -9.31796283e-02 -8.71919692e-02
 -8.06330740e-02 -7.34918490e-02 -6.57861531e-02 -5.75251281e-02 -4.87187468e-02
 -3.93775702e-02 -2.95137372e-02 -1.91416647e-02 -8.27892590e-03  3.05259600e-03
  1.48252090e-02  2.70034689e-02  3.95417362e-02  5.23811840e-02  6.54463395e-02
  7.86413476e-02  9.18464586e-02  1.04915611e-01  1.17676482e-01  1.29934683e-01
  1.41483441e-01  1.52119026e-01  1.61659673e-01  1.69964582e-01  1.76948532e-01
  1.82589546e-01  1.86928391e-01  1.90059960e-01  1.92118242e-01  1.93257511e-01
 -5.27421236e-02 -5.55819571e-02 -5.87369539e-02 -6.20215572e-02 -6.53323382e-02
 -6.86688647e-02 -7.20283985e-02 -7.54043534e-02 -7.87864774e-02 -8.21615830e-02
 -8.55144709e-02 -8.88289586e-02 -9.20893475e-02 -9.52837169e-02 -9.82305184e-02
 -1.00918509e-01 -1.03329979e-01 -1.05444677e-01 -1.07239492e-01 -1.08689114e-01
 -1.09766915e-01 -1.10445850e-01 -1.10699080e-01 -1.10500284e-01 -1.09824359e-01
 -1.08648501e-01 -1.06953226e-01 -1.04718514e-01 -1.01925530e-01 -9.85730737e-02
 -9.46328193e-02 -9.00174156e-02 -8.49001259e-02 -7.92439356e-02 -7.30462000e-02
 -6.62997365e-02 -5.89991435e-02 -5.11432253e-02 -4.27315906e-02 -3.37643139e-02
 -2.42418535e-02 -1.41653093e-02 -3.53690120e-03  7.63927400e-03  1.93561148e-02
  3.16018797e-02  4.43578809e-02  5.75952344e-02  7.12704435e-02  8.53195041e-02
  9.96503383e-02  1.14133693e-01  1.28593266e-01  1.42797619e-01  1.56458467e-01
  1.69242457e-01  1.80801615e-01  1.90818727e-01  1.99053794e-01  2.05376774e-01
  2.09782049e-01  2.12386146e-01  2.13409632e-01  2.13141575e-01  2.11892009e-01
 -5.60624003e-02 -5.88951483e-02 -6.19195141e-02 -6.49661496e-02 -6.79605976e-02
 -7.09274784e-02 -7.38793388e-02 -7.68175349e-02 -7.97355399e-02 -8.26217011e-02
 -8.54610950e-02 -8.82365704e-02 -9.09290612e-02 -9.35163349e-02 -9.59681049e-02
 -9.81088355e-02 -9.99387726e-02 -1.01445921e-01 -1.02613620e-01 -1.03422917e-01
 -1.03853673e-01 -1.03885822e-01 -1.03500061e-01 -1.02674626e-01 -1.01385526e-01
 -9.96099710e-02 -9.73440185e-02 -9.45575163e-02 -9.11654085e-02 -8.73273835e-02
 -8.29967484e-02 -7.81467333e-02 -7.27831721e-02 -6.69010580e-02 -6.04942590e-02
 -5.35553321e-02 -4.60762568e-02 -3.80488671e-02 -2.94644833e-02 -2.03136206e-02
 -1.05857896e-02 -2.69452023e-04  1.06478855e-02  2.21793372e-02  3.43379937e-02
  4.71357666e-02  6.05814904e-02  7.46778548e-02  8.94165933e-02  1.04771040e-01
  1.20684870e-01  1.37055308e-01  1.53708979e-01  1.70369312e-01  1.86620280e-01
  2.01889649e-01  2.15500921e-01  2.26815566e-01  2.35378414e-01  2.40975440e-01
  2.43631169e-01  2.43601963e-01  2.41366789e-01  2.37564743e-01  2.32846931e-01
 -5.99951036e-02 -6.29237294e-02 -6.57384247e-02 -6.83908984e-02 -7.09620863e-02
 -7.35101178e-02 -7.60463104e-02 -7.85652027e-02 -8.10539499e-02 -8.34960043e-02
 -8.58730078e-02 -8.81660730e-02 -9.03570354e-02 -9.24304277e-02 -9.43774655e-02
 -9.60012302e-02 -9.72958207e-02 -9.82460603e-02 -9.88361165e-02 -9.90512595e-02
 -9.88748893e-02 -9.82919186e-02 -9.73018929e-02 -9.58852321e-02 -9.40043554e-02
 -9.15704370e-02 -8.87485966e-02 -8.54908675e-02 -8.17694068e-02 -7.75870979e-02
 -7.29355589e-02 -6.78050816e-02 -6.21886514e-02 -5.60784675e-02 -4.94655445e-02
 -4.23393920e-02 -3.46879140e-02 -2.64972299e-02 -1.77513864e-02 -8.43199808e-03
  1.48216973e-03  1.20156379e-02  2.31966674e-02  3.50576974e-02  4.76357192e-02
  6.09724596e-02  7.51142055e-02  9.01108459e-02  1.06013522e-01  1.22869767e-01
  1.40714228e-01  1.59551680e-01  1.79326102e-01  1.99862540e-01  2.20747977e-01
  2.41071567e-01  2.59150237e-01  2.73311734e-01  2.82808244e-01  2.87458628e-01
  2.87347436e-01  2.82829583e-01  2.74761111e-01  2.64816463e-01  2.54758269e-01
 -6.49464428e-02 -6.82872683e-02 -7.03644007e-02 -7.22254068e-02 -7.42544159e-02
 -7.63631016e-02 -7.85049200e-02 -8.06459859e-02 -8.27570781e-02 -8.48110318e-02
 -8.67819637e-02 -8.86450335e-02 -9.03764814e-02 -9.19536650e-02 -9.33545679e-02
 -9.45555791e-02 -9.53783244e-02 -9.58147198e-02 -9.58560184e-02 -9.55038443e-02
 -9.47330445e-02 -9.34868306e-02 -9.19009298e-02 -8.99318978e-02 -8.75509828e-02
 -8.47404078e-02 -8.15098062e-02 -7.78551474e-02 -7.37698823e-02 -6.92493841e-02
 -6.42879754e-02 -5.88788912e-02 -5.30144610e-02 -4.66855988e-02 -3.98813784e-02
 -3.25886384e-02 -2.47916449e-02 -1.64717324e-02 -7.60686537e-03  1.82891660e-03
  1.18661709e-02  2.25409176e-02  3.38957198e-02  4.59810644e-02  5.88570945e-02
  7.25957677e-02  8.72835368e-02  1.03024520e-01  1.19944111e-01  1.38192594e-01
  1.57947943e-01  1.79416105e-01  2.02827111e-01  2.28428081e-01  2.56493568e-01
  2.87484616e-01  3.15072000e-01  3.33343953e-01  3.43788236e-01  3.47180933e-01
  3.42862606e-01  3.31433892e-01  3.11906695e-01  2.90105581e-01  2.73308963e-01
 -6.88526854e-02 -7.23772198e-02 -7.42666721e-02 -7.58059174e-02 -7.75116757e-02
 -7.93195590e-02 -8.11750367e-02 -8.30324441e-02 -8.48521888e-02 -8.65986720e-02
 -8.82390440e-02 -8.97424743e-02 -9.10796598e-02 -9.22224745e-02 -9.31437537e-02
 -9.38172191e-02 -9.42187086e-02 -9.41581205e-02 -9.36085060e-02 -9.27188918e-02
 -9.14525688e-02 -8.97910669e-02 -8.77406523e-02 -8.52970332e-02 -8.24543238e-02
 -7.92087987e-02 -7.55605772e-02 -7.15094879e-02 -6.70545995e-02 -6.21942654e-02
 -5.69255650e-02 -5.12439273e-02 -4.51427884e-02 -3.86132076e-02 -3.16435099e-02
 -2.42189169e-02 -1.63211916e-02 -7.92824943e-03  9.86324856e-04  1.04538854e-02
  2.05115508e-02  3.12033165e-02  4.25815657e-02  5.47091439e-02  6.76621795e-02
  8.15339610e-02  9.64403376e-02  1.12527221e-01  1.29981175e-01  1.49044275e-01
  1.70034558e-01  1.93372741e-01  2.19612360e-01  2.49465361e-01  2.83814430e-01
  3.20793182e-01  3.48671049e-01  3.67243171e-01  3.77056181e-01  3.77723426e-01
  3.69497985e-01  3.50991368e-01  3.23918372e-01  3.00535560e-01  2.81602591e-01
 -7.19101578e-02 -7.55766779e-02 -7.74716809e-02 -7.89777562e-02 -8.06028768e-02
 -8.23004618e-02 -8.40241611e-02 -8.57289359e-02 -8.73723924e-02 -8.89149532e-02
 -9.03195366e-02 -9.15510729e-02 -9.25760567e-02 -9.33619589e-02 -9.38766152e-02
 -9.40869823e-02 -9.39566344e-02 -9.34399813e-02 -9.25172567e-02 -9.11957845e-02
 -8.94737989e-02 -8.73498172e-02 -8.48259032e-02 -8.19049329e-02 -7.85905123e-02
 -7.48871714e-02 -7.08002821e-02 -6.63351268e-02 -6.14962094e-02 -5.62866554e-02
 -5.07076308e-02 -4.47578169e-02 -3.84329446e-02 -3.17253806e-02 -2.46237777e-02
 -1.71128027e-02 -9.17286798e-03 -7.79894996e-04  8.09501763e-03  1.74860489e-02
  2.74333283e-02  3.79839577e-02  4.91934605e-02  6.11278638e-02  7.38666505e-02
  8.75069574e-02  1.02169551e-01  1.18007638e-01  1.35220096e-01  1.54072106e-01
  1.74928620e-01  1.98310897e-01  2.24991143e-01  2.56118149e-01  2.92955518e-01
  3.25364470e-01  3.49466532e-01  3.65369081e-01  3.72838736e-01  3.71815860e-01
  3.60696316e-01  3.38524193e-01  3.14676225e-01  2.94686228e-01  2.77793109e-01
 -7.43196383e-02 -7.81453922e-02 -8.02593082e-02 -8.18899646e-02 -8.36048052e-02
 -8.53605643e-02 -8.71090889e-02 -8.88033286e-02 -9.03988853e-02 -9.18542519e-02
 -9.31303799e-02 -9.41900834e-02 -9.49976817e-02 -9.55188051e-02 -9.57205370e-02
 -9.55717787e-02 -9.50439274e-02 -9.41126719e-02 -9.27627981e-02 -9.09887180e-02
 -8.87901261e-02 -8.61710235e-02 -8.31391215e-02 -7.97048211e-02 -7.58803859e-02
 -7.16791600e-02 -6.71148524e-02 -6.22006878e-02 -5.69485798e-02 -5.13683632e-02
 -4.54670154e-02 -3.92479673e-02 -3.27105075e-02 -2.58493032e-02 -1.86541192e-02
 -1.11096734e-02 -3.19565227e-03  5.11319470e-03  1.38469646e-02  2.30406076e-02
  3.27341221e-02  4.29730490e-02  5.38093299e-02  6.53026402e-02  7.75223225e-02
  9.05500054e-02  1.04483314e-01  1.19440854e-01  1.35569274e-01  1.53053507e-01
  1.72132358e-01  1.93125322e-01  2.16488868e-01  2.43016601e-01  2.71318287e-01
  2.94969589e-01  3.13066423e-01  3.25212985e-01  3.31283599e-01  3.30284357e-01
  3.21860820e-01  3.06406647e-01  2.91330695e-01  2.77382582e-01  2.64695406e-01
 -7.63682351e-02 -8.04346055e-02 -8.27613473e-02 -8.46600235e-02 -8.66359472e-02
 -8.86217281e-02 -9.05559659e-02 -9.23855305e-02 -9.40647945e-02 -9.55530778e-02
 -9.68121439e-02 -9.78045687e-02 -9.84931737e-02 -9.88413915e-02 -9.88143384e-02
 -9.83803794e-02 -9.75128263e-02 -9.61917639e-02 -9.44056362e-02 -9.21516418e-02
 -8.94348696e-02 -8.62671435e-02 -8.26656818e-02 -7.86515772e-02 -7.42484257e-02
 -6.94810301e-02 -6.43742681e-02 -5.89520633e-02 -5.32364100e-02 -4.72463556e-02
 -4.09969836e-02 -3.44983973e-02 -2.77548432e-02 -2.07640957e-02 -1.35171749e-02
 -5.99847734e-03  1.81372499e-03  9.94652975e-03  1.84315443e-02  2.73040906e-02
  3.66026126e-02  4.63683642e-02  5.66453710e-02  6.74806908e-02  7.89247677e-02
  9.10318196e-02  1.03859931e-01  1.17470376e-01  1.31925166e-01  1.47280738e-01
  1.63572907e-01  1.80781633e-01  1.98747605e-01  2.16994151e-01  2.34552577e-01
  2.50236750e-01  2.63016075e-01  2.72213548e-01  2.77451485e-01  2.78629839e-01
  2.76039153e-01  2.70465732e-01  2.63088614e-01  2.54938304e-01  2.46645227e-01
 -7.78039917e-02 -8.21781754e-02 -8.49442855e-02 -8.73598978e-02 -8.98431689e-02
 -9.22720283e-02 -9.45649147e-02 -9.66706648e-02 -9.85545665e-02 -1.00187063e-01
 -1.01536915e-01 -1.02568373e-01 -1.03241161e-01 -1.03512406e-01 -1.03339739e-01
 -1.02684826e-01 -1.01516791e-01 -9.98149514e-02 -9.75705981e-02 -9.47874188e-02
 -9.14806724e-02 -8.76753777e-02 -8.34038705e-02 -7.87032172e-02 -7.36128986e-02
 -6.81730285e-02 -6.24230541e-02 -5.64008318e-02 -5.01417071e-02 -4.36773822e-02
 -3.70344222e-02 -3.02325264e-02 -2.32828967e-02 -1.61870345e-02 -8.93634465e-03
 -1.51265808e-03  6.11034967e-03  1.39651150e-02  2.20879130e-02  3.05167548e-02
  3.92897315e-02  4.84438799e-02  5.80144487e-02  6.80343807e-02  7.85336867e-02
  8.95383433e-02  1.01068273e-01  1.13133766e-01  1.25729263e-01  1.38823092e-01
  1.52340814e-01  1.66140571e-01  1.79981500e-01  1.93497971e-01  2.06208363e-01
  2.17577681e-01  2.27109700e-01  2.34424576e-01  2.39304468e-01  2.41718218e-01
  2.41832852e-01  2.39995494e-01  2.36666456e-01  2.32318565e-01  2.27356672e-01
 -7.81332403e-02 -8.27745050e-02 -8.65947530e-02 -9.01400670e-02 -9.35530663e-02
 -9.66787636e-02 -9.94672179e-02 -1.01931639e-01 -1.04090475e-01 -1.05947465e-01
 -1.07486576e-01 -1.08672217e-01 -1.09452881e-01 -1.09767459e-01 -1.09552950e-01
 -1.08752258e-01 -1.07320920e-01 -1.05232008e-01 -1.02478914e-01 -9.90758538e-02
 -9.50558782e-02 -9.04668793e-02 -8.53662714e-02 -7.98156485e-02 -7.38766938e-02
 -6.76088482e-02 -6.10687695e-02 -5.43107837e-02 -4.73871678e-02 -4.03473675e-02
 -3.32355499e-02 -2.60869004e-02 -1.89236496e-02 -1.17521035e-02 -4.56153834e-03
  2.67463946e-03  9.99550708e-03  1.74476765e-02  2.50799861e-02  3.29390466e-02
  4.10663448e-02  4.94967848e-02  5.82581572e-02  6.73709139e-02  7.68477023e-02
  8.66923183e-02  9.68976766e-02  1.07442550e-01  1.18286669e-01  1.29364118e-01
  1.40575066e-01  1.51777104e-01  1.62778959e-01  1.73341304e-01  1.83189571e-01
  1.92039683e-01  1.99631646e-01  2.05762476e-01  2.10311458e-01  2.13254422e-01
  2.14665115e-01  2.14702159e-01  2.13582426e-01  2.11547330e-01  2.08831757e-01
 -7.82028958e-02 -8.32659677e-02 -8.84114057e-02 -9.36828926e-02 -9.88598987e-02
 -1.02624066e-01 -1.05756991e-01 -1.08462788e-01 -1.10847265e-01 -1.12956181e-01
 -1.14784740e-01 -1.16282269e-01 -1.17361166e-01 -1.17912285e-01 -1.17823176e-01
 -1.16994418e-01 -1.15351580e-01 -1.12852901e-01 -1.09493665e-01 -1.05307095e-01
 -1.00360490e-01 -9.47458670e-02 -8.85664970e-02 -8.19238946e-02 -7.49093443e-02
 -6.76020160e-02 -6.00722954e-02 -5.23879863e-02 -4.46201041e-02 -3.68446335e-02
 -2.91376933e-02 -2.15650201e-02 -1.41706513e-02 -6.96914876e-03  5.74547739e-05
  6.95780432e-03  1.38035398e-02  2.06763335e-02  2.76540965e-02  3.48017402e-02
  4.21679951e-02  4.97862101e-02  5.76764420e-02  6.58473447e-02  7.42971897e-02
  8.30138773e-02  9.19739977e-02  1.01140998e-01  1.10462651e-01  1.19868055e-01
  1.29264802e-01  1.38537154e-01  1.47546440e-01  1.56135157e-01  1.64135516e-01
  1.71382084e-01  1.77726850e-01  1.83054015e-01  1.87291831e-01  1.90419346e-01
  1.92467034e-01  1.93510935e-01  1.93661705e-01  1.93050563e-01  1.91815361e-01
 -7.85380453e-02 -8.41681212e-02 -9.02890638e-02 -9.70799699e-02 -1.04484044e-01
 -1.10176429e-01 -1.13722913e-01 -1.16286233e-01 -1.18712783e-01 -1.21067829e-01
 -1.23349316e-01 -1.25458539e-01 -1.27208397e-01 -1.28368616e-01 -1.28717378e-01
 -1.28073946e-01 -1.26311123e-01 -1.23359621e-01 -1.19213969e-01 -1.13940492e-01
 -1.07678093e-01 -1.00618057e-01 -9.29625705e-02 -8.48838761e-02 -7.65063316e-02
 -6.79118410e-02 -5.91577478e-02 -5.02997376e-02 -4.14166115e-02 -3.26292254e-02
 -2.40913276e-02 -1.59451831e-02 -8.28256924e-03 -1.13445707e-03  5.53046260e-03
  1.18108271e-02  1.78650487e-02  2.38683019e-02  2.99608652e-02  3.62317599e-02
  4.27292734e-02  4.94749807e-02  5.64733148e-02  6.37169406e-02  7.11893067e-02
  7.88654387e-02  8.67117643e-02  9.46852118e-02  1.02732114e-01  1.10787138e-01
  1.18772671e-01  1.26599133e-01  1.34166643e-01  1.41368404e-01  1.48095936e-01
  1.54245779e-01  1.59726918e-01  1.64467856e-01  1.68422297e-01  1.71572432e-01
  1.73929349e-01  1.75530627e-01  1.76435485e-01  1.76718265e-01  1.76461786e-01
 -7.81726539e-02 -8.40621069e-02 -9.05882642e-02 -9.79812667e-02 -1.06427096e-01
 -1.13905139e-01 -1.19844861e-01 -1.24191731e-01 -1.26948938e-01 -1.29499659e-01
 -1.32586688e-01 -1.36023089e-01 -1.39297143e-01 -1.41833991e-01 -1.43197119e-01
 -1.43108562e-01 -1.41391456e-01 -1.37933612e-01 -1.32692039e-01 -1.25743434e-01
 -1.17366448e-01 -1.08043194e-01 -9.82571468e-02 -8.83030072e-02 -7.82939121e-02
 -6.82384744e-02 -5.80982156e-02 -4.78250459e-02 -3.74060273e-02 -2.69945450e-02
 -1.70897078e-02 -8.07970390e-03 -7.90252307e-05  6.88074483e-03  1.28078461e-02
  1.78146418e-02  2.23491751e-02  2.69748047e-02  3.18941921e-02  3.71443890e-02
  4.27171439e-02  4.85894382e-02  5.47326840e-02  6.11155145e-02  6.77041262e-02
  7.44617581e-02  8.13477114e-02  8.83164480e-02  9.53167230e-02  1.02291107e-01
  1.09175965e-01  1.15902103e-01  1.22396216e-01  1.28583208e-01  1.34389281e-01
  1.39745653e-01  1.44592404e-01  1.48882091e-01  1.52582601e-01  1.55678868e-01
  1.58173174e-01  1.60084084e-01  1.61444187e-01  1.62296936e-01  1.62693113e-01
 -7.67241344e-02 -8.24671015e-02 -8.87471363e-02 -9.56404060e-02 -1.03183560e-01
 -1.11332089e-01 -1.19402692e-01 -1.26163885e-01 -1.31527051e-01 -1.35473728e-01
 -1.40460446e-01 -1.47390291e-01 -1.54551283e-01 -1.59857407e-01 -1.63003251e-01
 -1.63924053e-01 -1.62527889e-01 -1.58652440e-01 -1.52054980e-01 -1.42438754e-01
 -1.29748791e-01 -1.16087407e-01 -1.03235163e-01 -9.11396518e-02 -7.95519426e-02
 -6.82228878e-02 -5.69141246e-02 -4.53767367e-02 -3.33068930e-02 -2.03065742e-02
 -8.50426685e-03  1.44572824e-03  9.80175287e-03  1.64658334e-02  2.13989262e-02
  2.43674517e-02  2.61958577e-02  2.91480813e-02  3.28720361e-02  3.71718258e-02
  4.19224016e-02  4.70353104e-02  5.24430722e-02  5.80904596e-02  6.39290959e-02
  6.99138865e-02  7.60005862e-02  8.21441188e-02  8.82975012e-02  9.44112912e-02
  1.00433543e-01  1.06310286e-01  1.11986481e-01  1.17407471e-01  1.22520812e-01
  1.27278358e-01  1.31638348e-01  1.35567382e-01  1.39041886e-01  1.42049104e-01
  1.44587249e-01  1.46665052e-01  1.48300663e-01  1.49519950e-01  1.50354683e-01
 -7.42695779e-02 -7.96291158e-02 -8.53872448e-02 -9.15656239e-02 -9.81751829e-02
 -1.05213955e-01 -1.12673804e-01 -1.20558985e-01 -1.28048331e-01 -1.34084657e-01
 -1.41579822e-01 -1.52694002e-01 -1.64569303e-01 -1.72346905e-01 -1.76957294e-01
 -1.78759843e-01 -1.77764565e-01 -1.73792154e-01 -1.66442081e-01 -1.54873848e-01
 -1.37472004e-01 -1.19559810e-01 -1.04655623e-01 -9.14485082e-02 -7.91963637e-02
 -6.74289465e-02 -5.57904541e-02 -4.39515971e-02 -3.15430872e-02 -1.81826279e-02
 -6.08256925e-03  3.97524983e-03  1.22357812e-02  1.86659321e-02  2.31739804e-02
  2.54937522e-02  2.66315583e-02  2.89401021e-02  3.21003199e-02  3.58778052e-02
  4.01171111e-02  4.47110310e-02  4.95811589e-02  5.46663664e-02  5.99157922e-02
  6.52844086e-02  7.07301870e-02  7.62122273e-02  8.16897154e-02  8.71213228e-02
  9.24651250e-02  9.76788774e-02  1.02720611e-01  1.07549548e-01  1.12127163e-01
  1.16418429e-01  1.20392956e-01  1.24026164e-01  1.27300039e-01  1.30203754e-01
  1.32733732e-01  1.34893507e-01  1.36693075e-01  1.38147995e-01  1.39278427e-01
  1.39269960e+00  1.44978070e+00  1.49096251e+00  1.52106941e+00  1.54184639e+00
  1.55650258e+00  1.56913257e+00  1.57663631e+00  1.58354080e+00  1.58897865e+00
  1.59561348e+00  1.60272646e+00  1.61081111e+00  1.61986554e+00  1.63052523e+00
  1.64258587e+00  1.65526772e+00  1.66904116e+00  1.68405926e+00  1.69954503e+00
  1.71611345e+00  1.73351753e+00  1.75200057e+00  1.77186167e+00  1.79290533e+00
  1.81524801e+00  1.83903611e+00  1.86429775e+00  1.89118254e+00  1.91959894e+00
  1.94970083e+00  1.98145854e+00  2.01492095e+00  2.05013514e+00  2.08724856e+00
  2.12634897e+00  2.16745591e+00  2.21085453e+00  2.25659966e+00  2.30481267e+00
  2.35588479e+00  2.40979290e+00  2.46693873e+00  2.52762580e+00  2.59216404e+00
  2.66099453e+00  2.73438048e+00  2.81298327e+00  2.89759398e+00  2.98882437e+00
  3.08696413e+00  3.19350457e+00  3.31011438e+00  3.43782306e+00  3.57773232e+00
  3.73298073e+00  3.90737510e+00  4.10364532e+00  4.32703209e+00  4.58711100e+00
  4.89345455e+00  5.26956177e+00  5.75687265e+00  6.49743176e+00  9.76520157e+00
   86   87
  1.06055498e+00  5.00000007e-02  1.06367064e+00  1.50000006e-01  1.06884420e+00
  2.50000000e-01  1.07622290e+00  3.49999994e-01  1.08122480e+00  4.00000006e-01
  1.09291458e+00  5.00000000e-01  1.10562503e+00  5.87964594e-01  1.11596072e+00
  6.49999976e-01  1.13218749e+00  7.34549344e-01  1.14742005e+00  8.00000012e-01
  1.16068912e+00  8.50000024e-01  1.18531251e+00  9.35659826e-01  1.20704234e+00
  1.00000000e+00  1.22666359e+00  1.04999995e+00  1.24790549e+00  1.10837829e+00
  1.25737333e+00  1.13070714e+00  1.29808164e+00  1.10000002e+00  1.34468746e+00
  1.07658243e+00  1.38637936e+00  1.04999995e+00  1.42437506e+00  1.03035259e+00
  1.47723353e+00  1.00000000e+00  1.50406253e+00  9.84745443e-01  1.55718756e+00
  9.52946424e-01  1.58375001e+00  9.36720312e-01  1.63687503e+00  9.02619362e-01
  1.66343749e+00  8.85022342e-01  1.71244776e+00  8.50000024e-01  1.74312496e+00
  8.28424215e-01  1.77961481e+00  8.00000012e-01  1.82281256e+00  7.66117871e-01
  1.84937501e+00  7.43625820e-01  1.89889371e+00  6.99999988e-01  1.92906249e+00
  6.72538996e-01  1.95562506e+00  6.46630049e-01  2.00097823e+00  6.00000024e-01
  2.03531241e+00  5.61972201e-01  2.06187510e+00  5.29871643e-01  2.08843756e+00
  4.95303005e-01  2.12023497e+00  4.49999988e-01  2.15088081e+00  4.00000006e-01
  2.17752600e+00  3.49999994e-01  2.20047712e+00  3.00000012e-01  2.22125006e+00
  2.45239720e-01  2.24781251e+00  1.52088985e-01  2.25667906e+00  1.00000001e-01
  2.26117325e+00  0.00000000e+00  2.24945211e+00 -1.00000001e-01  2.23763943e+00
 -1.50000006e-01  2.22125006e+00 -2.03924254e-01  2.19468760e+00 -2.72840559e-01
  2.16812491e+00 -3.31060678e-01  2.14156246e+00 -3.81827742e-01  2.11500001e+00
 -4.26871181e-01  2.08843756e+00 -4.67253149e-01  2.06187510e+00 -5.03674030e-01
  2.02351403e+00 -5.50000012e-01  1.98218751e+00 -5.94619274e-01  1.95562506e+00
 -6.20940208e-01  1.92310953e+00 -6.49999976e-01  1.87593746e+00 -6.89302623e-01
  1.84937501e+00 -7.09424078e-01  1.79624999e+00 -7.45210111e-01  1.76968753e+00
 -7.61812389e-01  1.71656251e+00 -7.90414453e-01  1.69000006e+00 -8.02965164e-01
  1.63687503e+00 -8.24184299e-01  1.58375001e+00 -8.39017808e-01  1.53062499e+00
 -8.47635388e-01  1.47749996e+00 -8.49478066e-01  1.42437506e+00 -8.43133152e-01
  1.37125003e+00 -8.25766087e-01  1.32930028e+00 -8.00000012e-01  1.29156256e+00
 -7.68629313e-01  1.26499999e+00 -7.38707781e-01  1.23690975e+00 -6.99999988e-01
  1.20796549e+00 -6.49999976e-01  1.18417084e+00 -6.00000024e-01  1.15875006e+00
 -5.35690010e-01  1.13218749e+00 -4.56631929e-01  1.11591566e+00 -4.00000006e-01
  1.10291028e+00 -3.49999994e-01  1.08200693e+00 -2.50000000e-01  1.07387018e+00
 -2.00000003e-01  1.06355786e+00 -1.00000001e-01  1.06021154e+00  0.00000000e+00
  1.06055498e+00  5.00000007e-02
  1.01600003e+00  0.00000000e+00  1.01600003e+00  9.63999987e-01  1.01600003e+00
  9.67999995e-01  1.01600003e+00  1.00100005e+00  1.01600003e+00  1.01900005e+00
  1.01600003e+00  1.07700002e+00  1.01600003e+00  1.07000005e+00  1.01600003e+00
  1.09599996e+00  1.01600003e+00  1.11300004e+00  1.01600003e+00  1.13800001e+00
  1.01600003e+00  1.14699996e+00  1.01199996e+00  1.16499996e+00  1.00100005e+00
  1.21700001e+00  1.02900004e+00  1.21700001e+00  1.04200006e+00  1.16240001e+00
  1.04600000e+00  1.16237998e+00  1.05599999e+00  1.16260004e+00  1.09700000e+00
  1.16450000e+00  1.10800004e+00  1.16594005e+00  1.11600006e+00  1.16591001e+00
  1.13399994e+00  1.16895998e+00  1.14800000e+00  1.17174995e+00  1.16199994e+00
  1.17556000e+00  1.18099999e+00  1.18299997e+00  1.18200004e+00  1.18350005e+00
  1.18499994e+00  1.18499994e+00  1.19000006e+00  1.18799996e+00  1.19500005e+00
  1.19099998e+00  1.20099998e+00  1.19599998e+00  1.20899999e+00  1.20200002e+00
  1.21500003e+00  1.20799994e+00  1.22200000e+00  1.21399999e+00  1.22800004e+00
  1.22099996e+00  1.23399997e+00  1.23099995e+00  1.23899996e+00  1.23800004e+00
  1.24199998e+00  1.24399996e+00  1.24800003e+00  1.25399995e+00  1.25800002e+00
  1.27800000e+00  1.26300001e+00  1.28999996e+00  1.27999997e+00  1.33099997e+00
  1.27999997e+00  1.34700000e+00  1.27999997e+00  1.34800005e+00  1.30999994e+00
  1.34800005e+00  1.32799995e+00  1.34800005e+00  1.36099994e+00  1.34800005e+00
  1.38000000e+00  1.34800005e+00  1.41900003e+00  1.34800005e+00  1.41900003e+00
  1.30999994e+00  1.37199998e+00  1.30999994e+00  1.37199998e+00  1.29200006e+00
  1.60800004e+00  1.09500003e+00  1.64699996e+00  1.07700002e+00  1.78499997e+00
  1.07700002e+00  2.06999993e+00  1.03999996e+00  2.12800002e+00  9.92999971e-01
  2.24499989e+00  7.08999991e-01  2.32299995e+00  5.18999994e-01  2.37700009e+00
  3.88999999e-01  2.35200000e+00  4.00000006e-01  2.35100007e+00  3.37000012e-01
  2.35100007e+00  2.04999998e-01  2.35400009e+00  6.80000037e-02  2.35400009e+00
  0.00000000e+00  2.35400009e+00 -6.80000037e-02  2.35299993e+00 -2.04999998e-01
  2.35100007e+00 -3.37000012e-01  2.35299993e+00 -4.00000006e-01  2.37700009e+00
 -3.88999999e-01  2.13400006e+00 -9.72999990e-01  1.78600001e+00 -1.17400002e+00
  1.76800001e+00 -1.21099997e+00  1.76800001e+00 -1.25000000e+00  1.68200004e+00
 -1.25000000e+00  1.37199998e+00 -1.25000000e+00  1.37199998e+00 -1.32900000e+00
  1.41999996e+00 -1.32900000e+00  1.41999996e+00 -1.36300004e+00  1.27300000e+00
 -1.36300004e+00  1.15300000e+00 -1.36300004e+00  1.01600003e+00 -1.22300005e+00
  1.01600003e+00 -1.22300005e+00  1.01600003e+00 -8.29999983e-01  1.01600003e+00
 -8.00000012e-01  1.01600003e+00 -4.14999992e-01  1.01600003e+00 -4.00000006e-01
  1.01600003e+00 -1.00000005e-03  1.01600003e+00  0.00000000e+00
    0 0.000000000e+00    0
  0.00000000e+00  9.35932994e-02  1.33783311e-01  1.65141746e-01  1.91873550e-01
  2.15546861e-01  2.35559851e-01  2.55635679e-01  2.74184078e-01  2.91586608e-01
  3.08194458e-01  3.23980719e-01  3.39081526e-01  3.53597671e-01  3.67704093e-01
  3.81358385e-01  3.94605160e-01  4.07543957e-01  4.20181155e-01  4.32598114e-01
  4.44771349e-01  4.56694692e-01  4.68459636e-01  4.80084360e-01  4.91557181e-01
  5.02886355e-01  5.14109254e-01  5.25261819e-01  5.36299527e-01  5.47301948e-01
  5.58253407e-01  5.69132864e-01  5.80016017e-01  5.90865195e-01  6.01697564e-01
  6.12561047e-01  6.23406529e-01  6.34295166e-01  6.45215869e-01  6.56148851e-01
  6.67178094e-01  6.78239584e-01  6.89379394e-01  7.00618267e-01  7.11942971e-01
  7.23387361e-01  7.34940469e-01  7.46637166e-01  7.58499146e-01  7.70548999e-01
  7.82746553e-01  7.95175731e-01  8.07864547e-01  8.20828557e-01  8.34052026e-01
  8.47610831e-01  8.61598849e-01  8.75996053e-01  8.90855372e-01  9.06333029e-01
  9.22516525e-01  9.39534962e-01  9.57617402e-01  9.77304637e-01  1.00000000e+00
    1
  8.97429260e+02 -2.71588086e+03 -5.96230273e+03 -8.86954004e+03 -1.14632246e+04
 -1.37670762e+04 -1.58030400e+04 -1.75914297e+04 -1.91510469e+04 -2.04992910e+04
 -2.16522773e+04 -2.26249238e+04 -2.34310527e+04 -2.40834609e+04 -2.45940156e+04
 -2.49737129e+04 -2.52327500e+04 -2.53805879e+04 -2.54260078e+04 -2.53771680e+04
 -2.52416465e+04 -2.50264980e+04 -2.47382871e+04 -2.43831328e+04 -2.39667441e+04
 -2.34944590e+04 -2.29712715e+04 -2.24018672e+04 -2.17906465e+04 -2.11417578e+04
 -2.04591152e+04 -1.97464336e+04 -1.90072344e+04 -1.82448867e+04 -1.74626152e+04
 -1.66635176e+04 -1.58505967e+04 -1.50267656e+04 -1.41948750e+04 -1.33577217e+04
 -1.25180732e+04 -1.16786816e+04 -1.08423008e+04 -1.00117021e+04 -9.18969141e+03
 -8.37912891e+03 -7.58294482e+03 -6.80415527e+03 -6.04588379e+03 -5.31137939e+03
 -4.60403564e+03 -3.92741235e+03 -3.28525659e+03 -2.68152612e+03 -2.12041357e+03
 -1.60637134e+03 -1.14413977e+03 -7.38775208e+02 -3.95681396e+02 -1.20642387e+02
  8.01422501e+01  2.00019470e+02  2.31842148e+02  1.67925491e+02 -0.00000000e+00
