#
# * Generated by profiles_gen on Wed Nov 14 16:29:07 PST 2012
#
#           INPUT FILE : D3D_iterdb_kinefit_128913.01500
#          SHOT NUMBER : 128913
#    RADIAL GRIDPOINTS :  51
#               Q_EDGE :  1.03E+01
#
#                 IONS :  d c
# 
#         SIGN(PSI_POL): +
# 
# * An associated input.profiles.geo was also generated
#
#             NFOURIER :      8
#            GATO NPSI :    101
#          GATO NTHETA :    201
#            EFIT HEADER ... 
#
#   EFIT?   05/12/98      #128913  1500             3  65  65          
#
# Psi-shrinkage factor : -1.00E-04
# * Additional information:
#
#      MERGED CER FILE : dplasma_cer_format.128913.1500
#  PLASMA MAJOR RADIUS : 1.66E+00 m
#  PLASMA MINOR RADIUS : 5.99E-01 m
#
# 
N_EXP=51
BT_EXP=+2.0657000E+00
ARHO_EXP=7.7241000E-01
# 
#rho(-)          rmin(m)         rmaj(m)         q(-)            kappa(-)        
 0.0000000E+00   0.0000000E+00   1.7104625E+00   1.3926931E+00   1.2741411E+00
 2.0000000E-02   1.3569397E-02   1.7103933E+00   1.3885079E+00   1.2736290E+00
 4.0000000E-02   2.7078260E-02   1.7102097E+00   1.3958610E+00   1.2727554E+00
 6.0000000E-02   4.0926194E-02   1.7099076E+00   1.4109147E+00   1.2733009E+00
 8.0000000E-02   5.4557678E-02   1.7094911E+00   1.4296643E+00   1.2746692E+00
 1.0000000E-01   6.8081823E-02   1.7089740E+00   1.4506600E+00   1.2764148E+00
 1.2000000E-01   8.1628579E-02   1.7083596E+00   1.4725134E+00   1.2782544E+00
 1.4000000E-01   9.5163867E-02   1.7076609E+00   1.4938849E+00   1.2801071E+00
 1.6000000E-01   1.0861573E-01   1.7068913E+00   1.5136673E+00   1.2819598E+00
 1.8000000E-01   1.2206816E-01   1.7060579E+00   1.5308684E+00   1.2837071E+00
 2.0000000E-01   1.3548312E-01   1.7051727E+00   1.5452433E+00   1.2852636E+00
 2.2000000E-01   1.4890466E-01   1.7042421E+00   1.5569825E+00   1.2866546E+00
 2.4000000E-01   1.6229066E-01   1.7032770E+00   1.5665051E+00   1.2878725E+00
 2.6000000E-01   1.7564362E-01   1.7022841E+00   1.5744698E+00   1.2889293E+00
 2.8000000E-01   1.8899823E-01   1.7012660E+00   1.5818181E+00   1.2898585E+00
 3.0000000E-01   2.0232854E-01   1.7002296E+00   1.5895232E+00   1.2907186E+00
 3.2000000E-01   2.1564589E-01   1.6991770E+00   1.5983945E+00   1.2915462E+00
 3.4000000E-01   2.2891579E-01   1.6981147E+00   1.6093035E+00   1.2923849E+00
 3.6000000E-01   2.4216384E-01   1.6970422E+00   1.6230663E+00   1.2933171E+00
 3.8000000E-01   2.5537131E-01   1.6959642E+00   1.6400101E+00   1.2943826E+00
 4.0000000E-01   2.6854779E-01   1.6948821E+00   1.6601452E+00   1.2956029E+00
 4.2000000E-01   2.8168008E-01   1.6937972E+00   1.6832392E+00   1.2969911E+00
 4.4000000E-01   2.9477678E-01   1.6927080E+00   1.7093231E+00   1.2985605E+00
 4.6000000E-01   3.0780727E-01   1.6916172E+00   1.7387861E+00   1.3003226E+00
 4.8000000E-01   3.2076780E-01   1.6905236E+00   1.7722513E+00   1.3022949E+00
 5.0000000E-01   3.3367527E-01   1.6894244E+00   1.8103356E+00   1.3045006E+00
 5.2000000E-01   3.4651063E-01   1.6883199E+00   1.8535583E+00   1.3069707E+00
 5.4000000E-01   3.5927461E-01   1.6872090E+00   1.9023871E+00   1.3097338E+00
 5.6000000E-01   3.7195039E-01   1.6860916E+00   1.9570947E+00   1.3128229E+00
 5.8000000E-01   3.8452074E-01   1.6849682E+00   2.0178114E+00   1.3162596E+00
 6.0000000E-01   3.9698362E-01   1.6838376E+00   2.0847902E+00   1.3200707E+00
 6.2000000E-01   4.0933485E-01   1.6826982E+00   2.1584566E+00   1.3242853E+00
 6.4000000E-01   4.2156849E-01   1.6815485E+00   2.2393679E+00   1.3289365E+00
 6.6000000E-01   4.3365946E-01   1.6803891E+00   2.3280291E+00   1.3340484E+00
 6.8000000E-01   4.4561505E-01   1.6792178E+00   2.4253036E+00   1.3396752E+00
 7.0000000E-01   4.5740586E-01   1.6780358E+00   2.5319661E+00   1.3458410E+00
 7.2000000E-01   4.6901748E-01   1.6768430E+00   2.6490933E+00   1.3526059E+00
 7.4000000E-01   4.8045028E-01   1.6756384E+00   2.7781406E+00   1.3600428E+00
 7.6000000E-01   4.9168502E-01   1.6744230E+00   2.9206160E+00   1.3682282E+00
 7.8000000E-01   5.0269907E-01   1.6731994E+00   3.0782325E+00   1.3772657E+00
 8.0000000E-01   5.1348384E-01   1.6719675E+00   3.2534180E+00   1.3872566E+00
 8.2000000E-01   5.2400983E-01   1.6707301E+00   3.4487343E+00   1.3983416E+00
 8.4000000E-01   5.3422549E-01   1.6694943E+00   3.6670521E+00   1.4106697E+00
 8.6000000E-01   5.4414739E-01   1.6682602E+00   3.9137937E+00   1.4245014E+00
 8.8000000E-01   5.5371758E-01   1.6670364E+00   4.1942055E+00   1.4400855E+00
 9.0000000E-01   5.6292677E-01   1.6658240E+00   4.5175385E+00   1.4579352E+00
 9.2000000E-01   5.7167864E-01   1.6646284E+00   4.8935637E+00   1.4784211E+00
 9.4000000E-01   5.7994339E-01   1.6634564E+00   5.3454638E+00   1.5027006E+00
 9.6000000E-01   5.8764826E-01   1.6623105E+00   5.9263382E+00   1.5326715E+00
 9.8000000E-01   5.9475806E-01   1.6611597E+00   6.8487175E+00   1.5749995E+00
 1.0000000E+00   5.9930537E-01   1.6602679E+00   1.0322701E+01   1.6472878E+00
# 
#delta(-)        Te(keV)         ne(10^19/m^3)   z_eff(-)        omega0(rad/s)   
 1.0885658E-03   2.6092000E+00   3.4117000E+00   1.2285000E+00  -6.1503400E+04
 3.8753327E-03   2.6032000E+00   3.4074000E+00   1.2288000E+00  -6.1589100E+04
 8.6942467E-03   2.5859000E+00   3.3949000E+00   1.2295000E+00  -6.1562800E+04
 1.3516962E-02   2.5581000E+00   3.3746000E+00   1.2307000E+00  -6.1414400E+04
 1.8230703E-02   2.5206000E+00   3.3472000E+00   1.2323000E+00  -6.1152100E+04
 2.2937195E-02   2.4743000E+00   3.3132000E+00   1.2343000E+00  -6.0784700E+04
 2.7643536E-02   2.4202000E+00   3.2732000E+00   1.2366000E+00  -6.0320600E+04
 3.2371462E-02   2.3589000E+00   3.2277000E+00   1.2394000E+00  -5.9765100E+04
 3.7039221E-02   2.2915000E+00   3.1773000E+00   1.2425000E+00  -5.9122900E+04
 4.1667555E-02   2.2187000E+00   3.1226000E+00   1.2459000E+00  -5.8399600E+04
 4.6226330E-02   2.1414000E+00   3.0641000E+00   1.2497000E+00  -5.7598500E+04
 5.0713922E-02   2.0604000E+00   3.0023000E+00   1.2538000E+00  -5.6718700E+04
 5.5106261E-02   1.9768000E+00   2.9378000E+00   1.2582000E+00  -5.5760500E+04
 5.9416255E-02   1.8911000E+00   2.8713000E+00   1.2629000E+00  -5.4732100E+04
 6.3665651E-02   1.8045000E+00   2.8031000E+00   1.2678000E+00  -5.3628100E+04
 6.7848301E-02   1.7176000E+00   2.7340000E+00   1.2729000E+00  -5.2452300E+04
 7.1977958E-02   1.6314000E+00   2.6644000E+00   1.2782000E+00  -5.1203300E+04
 7.6096435E-02   1.5468000E+00   2.5949000E+00   1.2836000E+00  -4.9885100E+04
 8.0229070E-02   1.4645000E+00   2.5261000E+00   1.2892000E+00  -4.8500100E+04
 8.4396078E-02   1.3854000E+00   2.4585000E+00   1.2947000E+00  -4.7043300E+04
 8.8632447E-02   1.3104000E+00   2.3927000E+00   1.3002000E+00  -4.5504000E+04
 9.2956860E-02   1.2396000E+00   2.3292000E+00   1.3056000E+00  -4.3898100E+04
 9.7384529E-02   1.1727000E+00   2.2686000E+00   1.3106000E+00  -4.2244500E+04
 1.0192185E-01   1.1094000E+00   2.2115000E+00   1.3153000E+00  -4.0560600E+04
 1.0658952E-01   1.0493000E+00   2.1577000E+00   1.3195000E+00  -3.8863300E+04
 1.1142946E-01   9.9217000E-01   2.1071000E+00   1.3233000E+00  -3.7169400E+04
 1.1642110E-01   9.3766000E-01   2.0595000E+00   1.3267000E+00  -3.5495300E+04
 1.2162460E-01   8.8544000E-01   2.0144000E+00   1.3295000E+00  -3.3857400E+04
 1.2708233E-01   8.3520000E-01   1.9718000E+00   1.3319000E+00  -3.2271500E+04
 1.3282211E-01   7.8661000E-01   1.9312000E+00   1.3338000E+00  -3.0745300E+04
 1.3887948E-01   7.3936000E-01   1.8925000E+00   1.3352000E+00  -2.9276600E+04
 1.4529092E-01   6.9312000E-01   1.8553000E+00   1.3362000E+00  -2.7862600E+04
 1.5209004E-01   6.4763000E-01   1.8195000E+00   1.3368000E+00  -2.6500300E+04
 1.5930835E-01   6.0288000E-01   1.7846000E+00   1.3370000E+00  -2.5188600E+04
 1.6687262E-01   5.5898000E-01   1.7505000E+00   1.3367000E+00  -2.3926600E+04
 1.7495297E-01   5.1602000E-01   1.7169000E+00   1.3361000E+00  -2.2710800E+04
 1.8361677E-01   4.7410000E-01   1.6836000E+00   1.3352000E+00  -2.1537000E+04
 1.9296518E-01   4.3334000E-01   1.6502000E+00   1.3339000E+00  -2.0396300E+04
 2.0310181E-01   3.9381000E-01   1.6164000E+00   1.3320000E+00  -1.9284200E+04
 2.1392425E-01   3.5564000E-01   1.5821000E+00   1.3294000E+00  -1.8196700E+04
 2.2568466E-01   3.1890000E-01   1.5470000E+00   1.3258000E+00  -1.7129800E+04
 2.3866069E-01   2.8372000E-01   1.5107000E+00   1.3211000E+00  -1.6078400E+04
 2.5293675E-01   2.5018000E-01   1.4731000E+00   1.3150000E+00  -1.5037900E+04
 2.6849519E-01   2.1839000E-01   1.4338000E+00   1.3072000E+00  -1.4002300E+04
 2.8619796E-01   1.8836000E-01   1.3926000E+00   1.2974000E+00  -1.2969400E+04
 3.0579407E-01   1.5987000E-01   1.3492000E+00   1.2851000E+00  -1.1931300E+04
 3.2838944E-01   1.3267000E-01   1.3033000E+00   1.2700000E+00  -1.0877200E+04
 3.5396127E-01   1.0650000E-01   1.2500000E+00   1.2524000E+00  -9.7988600E+03
 3.8431717E-01   8.1105000E-02   1.1659000E+00   1.2368000E+00  -8.6977000E+03
 4.2297758E-01   5.6222000E-02   1.0230000E+00   1.2293000E+00  -7.5297000E+03
 4.6826431E-01   3.1597000E-02   8.1842000E-01   1.2348000E+00  -6.3495800E+03
# 
#flow_mom(N-m)   pow_e(MW)       pow_i(MW)       pow_ei(MW)      zeta(-)         
 0.0000000E+00   0.0000000E+00   0.0000000E+00   0.0000000E+00   5.0827602E-04
 4.7788506E-03   1.5825789E-03   3.4472260E-03   2.3790473E-04   5.3619698E-04
 1.9062277E-02   6.3310801E-03   1.3748753E-02   9.4933097E-04   5.9947341E-04
 4.2531110E-02   1.4180137E-02   3.0664886E-02   2.1297440E-03   4.5843282E-04
 7.4631006E-02   2.4983920E-02   5.3734059E-02   3.7734213E-03   1.1273609E-04
 1.1462257E-01   3.8542301E-02   8.2339492E-02   5.8722097E-03  -1.6106670E-04
 1.6157274E-01   5.4614962E-02   1.1575328E-01   8.4160095E-03  -2.8157736E-04
 2.1448190E-01   7.2966391E-02   1.5321059E-01   1.1392429E-02  -3.4147064E-04
 2.7230617E-01   9.3379132E-02   1.9393111E-01   1.4785124E-02  -4.7628076E-04
 3.3403531E-01   1.1565940E-01   2.3715814E-01   1.8573316E-02  -6.3151572E-04
 3.9888805E-01   1.3969645E-01   2.8228878E-01   2.2740917E-02  -7.5699028E-04
 4.6605689E-01   1.6539474E-01   3.2871901E-01   2.7261903E-02  -8.6353576E-04
 5.3485913E-01   1.9273888E-01   3.7594686E-01   3.2109452E-02  -9.8195117E-04
 6.0478543E-01   2.2177261E-01   4.2354095E-01   3.7253151E-02  -1.1078603E-03
 6.7546151E-01   2.5256038E-01   4.7110173E-01   4.2655299E-02  -1.2524965E-03
 7.4667808E-01   2.8524955E-01   5.1837410E-01   4.8284904E-02  -1.4302730E-03
 8.1805701E-01   3.1992250E-01   5.6504314E-01   5.4096386E-02  -1.6364545E-03
 8.8926785E-01   3.5664910E-01   6.1084155E-01   6.0042818E-02  -1.8543720E-03
 9.5995141E-01   3.9544756E-01   6.5550779E-01   6.6072381E-02  -2.1098678E-03
 1.0297004E+00   4.3625351E-01   6.9875559E-01   7.2124185E-02  -2.4143571E-03
 1.0982720E+00   4.7903767E-01   7.4040255E-01   7.8149438E-02  -2.7551815E-03
 1.1652712E+00   5.2365756E-01   7.8021618E-01   8.4094454E-02  -3.1149480E-03
 1.2303491E+00   5.6993679E-01   8.1803333E-01   8.9913634E-02  -3.4872964E-03
 1.2932104E+00   6.1761017E-01   8.5373388E-01   9.5562331E-02  -3.8764181E-03
 1.3536201E+00   6.6633168E-01   8.8724085E-01   1.0099507E-01  -4.2846732E-03
 1.4114046E+00   7.1568927E-01   9.1850038E-01   1.0615888E-01  -4.6986011E-03
 1.4666621E+00   7.6536088E-01   9.4755323E-01   1.1100542E-01  -5.1539084E-03
 1.5194548E+00   8.1495982E-01   9.7440385E-01   1.1546997E-01  -5.6309033E-03
 1.5698659E+00   8.6421151E-01   9.9909307E-01   1.1948336E-01  -6.1248782E-03
 1.6179844E+00   9.1293306E-01   1.0216531E+00   1.2296683E-01  -6.6387515E-03
 1.6638942E+00   9.6096374E-01   1.0420794E+00   1.2582753E-01  -7.1540910E-03
 1.7077815E+00   1.0082122E+00   1.0603815E+00   1.2796274E-01  -7.6739208E-03
 1.7496959E+00   1.0545200E+00   1.0764888E+00   1.2924448E-01  -8.2007180E-03
 1.7896381E+00   1.0998165E+00   1.0903046E+00   1.2952788E-01  -8.7290039E-03
 1.8275484E+00   1.1440314E+00   1.1016996E+00   1.2865060E-01  -9.3463085E-03
 1.8633039E+00   1.1870701E+00   1.1105072E+00   1.2643018E-01  -9.9542470E-03
 1.8968103E+00   1.2289521E+00   1.1165497E+00   1.2265410E-01  -1.0548414E-02
 1.9278834E+00   1.2696679E+00   1.1196070E+00   1.1708483E-01  -1.1123207E-02
 1.9563878E+00   1.3093186E+00   1.1194421E+00   1.0944987E-01  -1.1648255E-02
 1.9822238E+00   1.3481203E+00   1.1157924E+00   9.9438771E-02  -1.2262262E-02
 2.0053320E+00   1.3864163E+00   1.1083631E+00   8.6698661E-02  -1.2865467E-02
 2.0256866E+00   1.4246538E+00   1.0968273E+00   7.0838719E-02  -1.3366743E-02
 2.0433462E+00   1.4634900E+00   1.0807808E+00   5.1383460E-02  -1.3802076E-02
 2.0583761E+00   1.5036501E+00   1.0597698E+00   2.7828502E-02  -1.4339966E-02
 2.0709097E+00   1.5460585E+00   1.0332248E+00  -4.2731888E-04  -1.4617000E-02
 2.0811630E+00   1.5920252E+00   1.0003111E+00  -3.4216406E-02  -1.5108524E-02
 2.0894490E+00   1.6435363E+00   9.5968404E-01  -7.4828727E-02  -1.5301081E-02
 2.0962246E+00   1.7040189E+00   9.0902840E-01  -1.2442242E-01  -1.5853026E-02
 2.1019725E+00   1.7789810E+00   8.4540038E-01  -1.8563480E-01  -1.6755464E-02
 2.1073089E+00   1.8792776E+00   7.6571715E-01  -2.6135035E-01  -1.9755273E-02
 2.1123367E+00   2.0180716E+00   6.6661502E-01  -3.5476877E-01  -3.5605167E-02
# 
#flow_beam(kW/eV)flow_wall(kW/eV)zmag(m)         ptot(Pa)        polflux(Wb/rad) 
 0.0000000E+00   0.0000000E+00   3.1694023E-02   0.0000000E+00   0.0000000E+00
 1.8661401E-05   2.9584525E-05   3.1685049E-02   0.0000000E+00   1.7998198E-04
 7.4723592E-05   1.1796217E-04   3.1670515E-02   0.0000000E+00   7.0992894E-04
 1.6749895E-04   2.6420314E-04   3.1685576E-02   0.0000000E+00   1.5898409E-03
 2.9536915E-04   4.6676766E-04   3.1718613E-02   0.0000000E+00   2.8097188E-03
 4.5620261E-04   7.2335992E-04   3.1759729E-02   0.0000000E+00   4.3495646E-03
 6.4731477E-04   1.0313043E-03   3.1805549E-02   0.0000000E+00   6.2093785E-03
 8.6576456E-04   1.3876853E-03   3.1860612E-02   0.0000000E+00   8.3791613E-03
 1.1084842E-03   1.7892170E-03   3.1926148E-02   0.0000000E+00   1.0838915E-02
 1.3724165E-03   2.2323340E-03   3.1997749E-02   0.0000000E+00   1.3598639E-02
 1.6552218E-03   2.7143798E-03   3.2075719E-02   0.0000000E+00   1.6648334E-02
 1.9543357E-03   3.2319889E-03   3.2161113E-02   0.0000000E+00   1.9997998E-02
 2.2676424E-03   3.7822400E-03   3.2252265E-02   0.0000000E+00   2.3637634E-02
 2.5932545E-03   4.3624393E-03   3.2347744E-02   0.0000000E+00   2.7567241E-02
 2.9292945E-03   4.9697454E-03   3.2448045E-02   0.0000000E+00   3.1796817E-02
 3.2747207E-03   5.6027340E-03   3.2553486E-02   0.0000000E+00   3.6316365E-02
 3.6278400E-03   6.2589981E-03   3.2662368E-02   0.0000000E+00   4.1125883E-02
 3.9870557E-03   6.9366837E-03   3.2775214E-02   0.0000000E+00   4.6205375E-02
 4.3505583E-03   7.6340272E-03   3.2893897E-02   0.0000000E+00   5.1554839E-02
 4.7161531E-03   8.3488443E-03   3.3017501E-02   0.0000000E+00   5.7154279E-02
 5.0823733E-03   9.0803666E-03   3.3145909E-02   0.0000000E+00   6.2993694E-02
 5.4474095E-03   9.8265683E-03   3.3279768E-02   0.0000000E+00   6.9053088E-02
 5.8117335E-03   1.0586378E-02   3.3420281E-02   0.0000000E+00   7.5322460E-02
 6.1751950E-03   1.1359428E-02   3.3568983E-02   0.0000000E+00   8.1771815E-02
 6.5358807E-03   1.2145999E-02   3.3726975E-02   0.0000000E+00   8.8381153E-02
 6.8919930E-03   1.2946429E-02   3.3894966E-02   0.0000000E+00   9.5140477E-02
 7.2400384E-03   1.3763294E-02   3.4074681E-02   0.0000000E+00   1.0201979E-01
 7.5762262E-03   1.4598375E-02   3.4268529E-02   0.0000000E+00   1.0899909E-01
 7.9000236E-03   1.5454683E-02   3.4478582E-02   0.0000000E+00   1.1604838E-01
 8.2114971E-03   1.6336017E-02   3.4706821E-02   0.0000000E+00   1.2313767E-01
 8.5106755E-03   1.7246487E-02   3.4956580E-02   0.0000000E+00   1.3024696E-01
 8.7982071E-03   1.8193017E-02   3.5231792E-02   0.0000000E+00   1.3735625E-01
 9.0739493E-03   1.9182006E-02   3.5536690E-02   0.0000000E+00   1.4444554E-01
 9.3376089E-03   2.0222085E-02   3.5876266E-02   0.0000000E+00   1.5148484E-01
 9.5885799E-03   2.1323872E-02   3.6257126E-02   0.0000000E+00   1.5846414E-01
 9.8257823E-03   2.2499723E-02   3.6685942E-02   0.0000000E+00   1.6535345E-01
 1.0048323E-02   2.3767925E-02   3.7171800E-02   0.0000000E+00   1.7213277E-01
 1.0254703E-02   2.5149534E-02   3.7726222E-02   0.0000000E+00   1.7879210E-01
 1.0443611E-02   2.6673119E-02   3.8363084E-02   0.0000000E+00   1.8531145E-01
 1.0613885E-02   2.8377079E-02   3.9099776E-02   0.0000000E+00   1.9167081E-01
 1.0764630E-02   3.0314440E-02   3.9959235E-02   0.0000000E+00   1.9786019E-01
 1.0895291E-02   3.2557762E-02   4.0970751E-02   0.0000000E+00   2.0385959E-01
 1.1005988E-02   3.5216325E-02   4.2169102E-02   0.0000000E+00   2.0963902E-01
 1.1096934E-02   3.8446277E-02   4.3609040E-02   0.0000000E+00   2.1520846E-01
 1.1168916E-02   4.2484819E-02   4.5352707E-02   0.0000000E+00   2.2053792E-01
 1.1223470E-02   4.7692736E-02   4.7497485E-02   0.0000000E+00   2.2562742E-01
 1.1262893E-02   5.4621596E-02   5.0170838E-02   0.0000000E+00   2.3043693E-01
 1.1290048E-02   6.4159433E-02   5.3583770E-02   0.0000000E+00   2.3496648E-01
 1.1307237E-02   7.7548922E-02   5.8082315E-02   0.0000000E+00   2.3919606E-01
 1.1316607E-02   9.5540223E-02   6.4492491E-02   0.0000000E+00   2.4314166E-01
 1.1319174E-02   1.1630912E-01   7.2413983E-02   0.0000000E+00   2.4576940E-01
# 
#ni_1(10^19/m^3) ni_2(10^19/m^3) ni_3(10^19/m^3) ni_4(10^19/m^3) ni_5(10^19/m^3) 
 2.6675000E+00   2.5989000E-02   0.0000000E+00   0.0000000E+00   0.0000000E+00
 2.6642000E+00   2.5985000E-02   0.0000000E+00   0.0000000E+00   0.0000000E+00
 2.6517000E+00   2.5972000E-02   0.0000000E+00   0.0000000E+00   0.0000000E+00
 2.6414000E+00   2.5948000E-02   0.0000000E+00   0.0000000E+00   0.0000000E+00
 2.6291000E+00   2.5915000E-02   0.0000000E+00   0.0000000E+00   0.0000000E+00
 2.6154000E+00   2.5872000E-02   0.0000000E+00   0.0000000E+00   0.0000000E+00
 2.5992000E+00   2.5819000E-02   0.0000000E+00   0.0000000E+00   0.0000000E+00
 2.5800000E+00   2.5756000E-02   0.0000000E+00   0.0000000E+00   0.0000000E+00
 2.5574000E+00   2.5683000E-02   0.0000000E+00   0.0000000E+00   0.0000000E+00
 2.5311000E+00   2.5599000E-02   0.0000000E+00   0.0000000E+00   0.0000000E+00
 2.5009000E+00   2.5505000E-02   0.0000000E+00   0.0000000E+00   0.0000000E+00
 2.4668000E+00   2.5400000E-02   0.0000000E+00   0.0000000E+00   0.0000000E+00
 2.4288000E+00   2.5284000E-02   0.0000000E+00   0.0000000E+00   0.0000000E+00
 2.3872000E+00   2.5157000E-02   0.0000000E+00   0.0000000E+00   0.0000000E+00
 2.3425000E+00   2.5019000E-02   0.0000000E+00   0.0000000E+00   0.0000000E+00
 2.2955000E+00   2.4869000E-02   0.0000000E+00   0.0000000E+00   0.0000000E+00
 2.2467000E+00   2.4708000E-02   0.0000000E+00   0.0000000E+00   0.0000000E+00
 2.1971000E+00   2.4535000E-02   0.0000000E+00   0.0000000E+00   0.0000000E+00
 2.1474000E+00   2.4350000E-02   0.0000000E+00   0.0000000E+00   0.0000000E+00
 2.0985000E+00   2.4153000E-02   0.0000000E+00   0.0000000E+00   0.0000000E+00
 2.0508000E+00   2.3944000E-02   0.0000000E+00   0.0000000E+00   0.0000000E+00
 2.0050000E+00   2.3723000E-02   0.0000000E+00   0.0000000E+00   0.0000000E+00
 1.9616000E+00   2.3489000E-02   0.0000000E+00   0.0000000E+00   0.0000000E+00
 1.9210000E+00   2.3242000E-02   0.0000000E+00   0.0000000E+00   0.0000000E+00
 1.8830000E+00   2.2982000E-02   0.0000000E+00   0.0000000E+00   0.0000000E+00
 1.8473000E+00   2.2710000E-02   0.0000000E+00   0.0000000E+00   0.0000000E+00
 1.8135000E+00   2.2425000E-02   0.0000000E+00   0.0000000E+00   0.0000000E+00
 1.7813000E+00   2.2126000E-02   0.0000000E+00   0.0000000E+00   0.0000000E+00
 1.7504000E+00   2.1814000E-02   0.0000000E+00   0.0000000E+00   0.0000000E+00
 1.7208000E+00   2.1488000E-02   0.0000000E+00   0.0000000E+00   0.0000000E+00
 1.6923000E+00   2.1148000E-02   0.0000000E+00   0.0000000E+00   0.0000000E+00
 1.6647000E+00   2.0794000E-02   0.0000000E+00   0.0000000E+00   0.0000000E+00
 1.6380000E+00   2.0427000E-02   0.0000000E+00   0.0000000E+00   0.0000000E+00
 1.6119000E+00   2.0045000E-02   0.0000000E+00   0.0000000E+00   0.0000000E+00
 1.5863000E+00   1.9648000E-02   0.0000000E+00   0.0000000E+00   0.0000000E+00
 1.5610000E+00   1.9237000E-02   0.0000000E+00   0.0000000E+00   0.0000000E+00
 1.5357000E+00   1.8811000E-02   0.0000000E+00   0.0000000E+00   0.0000000E+00
 1.5102000E+00   1.8365000E-02   0.0000000E+00   0.0000000E+00   0.0000000E+00
 1.4841000E+00   1.7887000E-02   0.0000000E+00   0.0000000E+00   0.0000000E+00
 1.4574000E+00   1.7369000E-02   0.0000000E+00   0.0000000E+00   0.0000000E+00
 1.4296000E+00   1.6800000E-02   0.0000000E+00   0.0000000E+00   0.0000000E+00
 1.4007000E+00   1.6168000E-02   0.0000000E+00   0.0000000E+00   0.0000000E+00
 1.3703000E+00   1.5465000E-02   0.0000000E+00   0.0000000E+00   0.0000000E+00
 1.3382000E+00   1.4680000E-02   0.0000000E+00   0.0000000E+00   0.0000000E+00
 1.3036000E+00   1.4062000E-02   0.0000000E+00   0.0000000E+00   0.0000000E+00
 1.2674000E+00   1.3206000E-02   0.0000000E+00   0.0000000E+00   0.0000000E+00
 1.2270000E+00   1.2845000E-02   0.0000000E+00   0.0000000E+00   0.0000000E+00
 1.1777000E+00   1.3073000E-02   0.0000000E+00   0.0000000E+00   0.0000000E+00
 1.0952000E+00   1.4217000E-02   0.0000000E+00   0.0000000E+00   0.0000000E+00
 9.5124000E-01   1.6607000E-02   0.0000000E+00   0.0000000E+00   0.0000000E+00
 7.5384000E-01   1.6014000E-02   0.0000000E+00   0.0000000E+00   0.0000000E+00
# 
#Ti_1 (keV)      Ti_2 (keV)      Ti_3 (keV)      Ti_4 (keV)      Ti_5 (keV)      
 1.9414000E+00   1.9414000E+00   0.0000000E+00   0.0000000E+00   0.0000000E+00
 1.9368000E+00   1.9368000E+00   0.0000000E+00   0.0000000E+00   0.0000000E+00
 1.9234000E+00   1.9234000E+00   0.0000000E+00   0.0000000E+00   0.0000000E+00
 1.9020000E+00   1.9020000E+00   0.0000000E+00   0.0000000E+00   0.0000000E+00
 1.8732000E+00   1.8732000E+00   0.0000000E+00   0.0000000E+00   0.0000000E+00
 1.8379000E+00   1.8379000E+00   0.0000000E+00   0.0000000E+00   0.0000000E+00
 1.7967000E+00   1.7967000E+00   0.0000000E+00   0.0000000E+00   0.0000000E+00
 1.7504000E+00   1.7504000E+00   0.0000000E+00   0.0000000E+00   0.0000000E+00
 1.6997000E+00   1.6997000E+00   0.0000000E+00   0.0000000E+00   0.0000000E+00
 1.6453000E+00   1.6453000E+00   0.0000000E+00   0.0000000E+00   0.0000000E+00
 1.5880000E+00   1.5880000E+00   0.0000000E+00   0.0000000E+00   0.0000000E+00
 1.5284000E+00   1.5284000E+00   0.0000000E+00   0.0000000E+00   0.0000000E+00
 1.4674000E+00   1.4674000E+00   0.0000000E+00   0.0000000E+00   0.0000000E+00
 1.4057000E+00   1.4057000E+00   0.0000000E+00   0.0000000E+00   0.0000000E+00
 1.3439000E+00   1.3439000E+00   0.0000000E+00   0.0000000E+00   0.0000000E+00
 1.2828000E+00   1.2828000E+00   0.0000000E+00   0.0000000E+00   0.0000000E+00
 1.2232000E+00   1.2232000E+00   0.0000000E+00   0.0000000E+00   0.0000000E+00
 1.1657000E+00   1.1657000E+00   0.0000000E+00   0.0000000E+00   0.0000000E+00
 1.1112000E+00   1.1112000E+00   0.0000000E+00   0.0000000E+00   0.0000000E+00
 1.0601000E+00   1.0601000E+00   0.0000000E+00   0.0000000E+00   0.0000000E+00
 1.0128000E+00   1.0128000E+00   0.0000000E+00   0.0000000E+00   0.0000000E+00
 9.6878000E-01   9.6878000E-01   0.0000000E+00   0.0000000E+00   0.0000000E+00
 9.2789000E-01   9.2789000E-01   0.0000000E+00   0.0000000E+00   0.0000000E+00
 8.8985000E-01   8.8985000E-01   0.0000000E+00   0.0000000E+00   0.0000000E+00
 8.5439000E-01   8.5439000E-01   0.0000000E+00   0.0000000E+00   0.0000000E+00
 8.2124000E-01   8.2124000E-01   0.0000000E+00   0.0000000E+00   0.0000000E+00
 7.9013000E-01   7.9013000E-01   0.0000000E+00   0.0000000E+00   0.0000000E+00
 7.6081000E-01   7.6081000E-01   0.0000000E+00   0.0000000E+00   0.0000000E+00
 7.3300000E-01   7.3300000E-01   0.0000000E+00   0.0000000E+00   0.0000000E+00
 7.0644000E-01   7.0644000E-01   0.0000000E+00   0.0000000E+00   0.0000000E+00
 6.8087000E-01   6.8087000E-01   0.0000000E+00   0.0000000E+00   0.0000000E+00
 6.5601000E-01   6.5601000E-01   0.0000000E+00   0.0000000E+00   0.0000000E+00
 6.3160000E-01   6.3160000E-01   0.0000000E+00   0.0000000E+00   0.0000000E+00
 6.0741000E-01   6.0741000E-01   0.0000000E+00   0.0000000E+00   0.0000000E+00
 5.8331000E-01   5.8331000E-01   0.0000000E+00   0.0000000E+00   0.0000000E+00
 5.5921000E-01   5.5921000E-01   0.0000000E+00   0.0000000E+00   0.0000000E+00
 5.3503000E-01   5.3503000E-01   0.0000000E+00   0.0000000E+00   0.0000000E+00
 5.1069000E-01   5.1069000E-01   0.0000000E+00   0.0000000E+00   0.0000000E+00
 4.8609000E-01   4.8609000E-01   0.0000000E+00   0.0000000E+00   0.0000000E+00
 4.6115000E-01   4.6115000E-01   0.0000000E+00   0.0000000E+00   0.0000000E+00
 4.3579000E-01   4.3579000E-01   0.0000000E+00   0.0000000E+00   0.0000000E+00
 4.0991000E-01   4.0991000E-01   0.0000000E+00   0.0000000E+00   0.0000000E+00
 3.8344000E-01   3.8344000E-01   0.0000000E+00   0.0000000E+00   0.0000000E+00
 3.5628000E-01   3.5628000E-01   0.0000000E+00   0.0000000E+00   0.0000000E+00
 3.2845000E-01   3.2845000E-01   0.0000000E+00   0.0000000E+00   0.0000000E+00
 3.0004000E-01   3.0004000E-01   0.0000000E+00   0.0000000E+00   0.0000000E+00
 2.7114000E-01   2.7114000E-01   0.0000000E+00   0.0000000E+00   0.0000000E+00
 2.4186000E-01   2.4186000E-01   0.0000000E+00   0.0000000E+00   0.0000000E+00
 2.1228000E-01   2.1228000E-01   0.0000000E+00   0.0000000E+00   0.0000000E+00
 1.8251000E-01   1.8251000E-01   0.0000000E+00   0.0000000E+00   0.0000000E+00
 1.5264000E-01   1.5264000E-01   0.0000000E+00   0.0000000E+00   0.0000000E+00
# 
#vtor_1 (m/s)    vtor_2 (m/s)    vtor_3 (m/s)    vtor_4 (m/s)    vtor_5 (m/s)    
 0.0000000E+00  -1.1338900E+05   0.0000000E+00   0.0000000E+00   0.0000000E+00
 0.0000000E+00  -1.1415200E+05   0.0000000E+00   0.0000000E+00   0.0000000E+00
 0.0000000E+00  -1.1477500E+05   0.0000000E+00   0.0000000E+00   0.0000000E+00
 0.0000000E+00  -1.1515700E+05   0.0000000E+00   0.0000000E+00   0.0000000E+00
 0.0000000E+00  -1.1534200E+05   0.0000000E+00   0.0000000E+00   0.0000000E+00
 0.0000000E+00  -1.1532700E+05   0.0000000E+00   0.0000000E+00   0.0000000E+00
 0.0000000E+00  -1.1510700E+05   0.0000000E+00   0.0000000E+00   0.0000000E+00
 0.0000000E+00  -1.1469800E+05   0.0000000E+00   0.0000000E+00   0.0000000E+00
 0.0000000E+00  -1.1409900E+05   0.0000000E+00   0.0000000E+00   0.0000000E+00
 0.0000000E+00  -1.1330600E+05   0.0000000E+00   0.0000000E+00   0.0000000E+00
 0.0000000E+00  -1.1233100E+05   0.0000000E+00   0.0000000E+00   0.0000000E+00
 0.0000000E+00  -1.1117800E+05   0.0000000E+00   0.0000000E+00   0.0000000E+00
 0.0000000E+00  -1.0984700E+05   0.0000000E+00   0.0000000E+00   0.0000000E+00
 0.0000000E+00  -1.0833900E+05   0.0000000E+00   0.0000000E+00   0.0000000E+00
 0.0000000E+00  -1.0666500E+05   0.0000000E+00   0.0000000E+00   0.0000000E+00
 0.0000000E+00  -1.0482800E+05   0.0000000E+00   0.0000000E+00   0.0000000E+00
 0.0000000E+00  -1.0282900E+05   0.0000000E+00   0.0000000E+00   0.0000000E+00
 0.0000000E+00  -1.0066900E+05   0.0000000E+00   0.0000000E+00   0.0000000E+00
 0.0000000E+00  -9.8355800E+04   0.0000000E+00   0.0000000E+00   0.0000000E+00
 0.0000000E+00  -9.5894600E+04   0.0000000E+00   0.0000000E+00   0.0000000E+00
 0.0000000E+00  -9.3294600E+04   0.0000000E+00   0.0000000E+00   0.0000000E+00
 0.0000000E+00  -9.0579500E+04   0.0000000E+00   0.0000000E+00   0.0000000E+00
 0.0000000E+00  -8.7777500E+04   0.0000000E+00   0.0000000E+00   0.0000000E+00
 0.0000000E+00  -8.4921500E+04   0.0000000E+00   0.0000000E+00   0.0000000E+00
 0.0000000E+00  -8.2041600E+04   0.0000000E+00   0.0000000E+00   0.0000000E+00
 0.0000000E+00  -7.9168700E+04   0.0000000E+00   0.0000000E+00   0.0000000E+00
 0.0000000E+00  -7.6334700E+04   0.0000000E+00   0.0000000E+00   0.0000000E+00
 0.0000000E+00  -7.3572400E+04   0.0000000E+00   0.0000000E+00   0.0000000E+00
 0.0000000E+00  -7.0914600E+04   0.0000000E+00   0.0000000E+00   0.0000000E+00
 0.0000000E+00  -6.8371600E+04   0.0000000E+00   0.0000000E+00   0.0000000E+00
 0.0000000E+00  -6.5931200E+04   0.0000000E+00   0.0000000E+00   0.0000000E+00
 0.0000000E+00  -6.3581600E+04   0.0000000E+00   0.0000000E+00   0.0000000E+00
 0.0000000E+00  -6.1310900E+04   0.0000000E+00   0.0000000E+00   0.0000000E+00
 0.0000000E+00  -5.9107400E+04   0.0000000E+00   0.0000000E+00   0.0000000E+00
 0.0000000E+00  -5.6959300E+04   0.0000000E+00   0.0000000E+00   0.0000000E+00
 0.0000000E+00  -5.4854600E+04   0.0000000E+00   0.0000000E+00   0.0000000E+00
 0.0000000E+00  -5.2781800E+04   0.0000000E+00   0.0000000E+00   0.0000000E+00
 0.0000000E+00  -5.0729400E+04   0.0000000E+00   0.0000000E+00   0.0000000E+00
 0.0000000E+00  -4.8684400E+04   0.0000000E+00   0.0000000E+00   0.0000000E+00
 0.0000000E+00  -4.6635000E+04   0.0000000E+00   0.0000000E+00   0.0000000E+00
 0.0000000E+00  -4.4570000E+04   0.0000000E+00   0.0000000E+00   0.0000000E+00
 0.0000000E+00  -4.2477000E+04   0.0000000E+00   0.0000000E+00   0.0000000E+00
 0.0000000E+00  -4.0346500E+04   0.0000000E+00   0.0000000E+00   0.0000000E+00
 0.0000000E+00  -3.8184000E+04   0.0000000E+00   0.0000000E+00   0.0000000E+00
 0.0000000E+00  -3.5989400E+04   0.0000000E+00   0.0000000E+00   0.0000000E+00
 0.0000000E+00  -3.3769500E+04   0.0000000E+00   0.0000000E+00   0.0000000E+00
 0.0000000E+00  -3.1523900E+04   0.0000000E+00   0.0000000E+00   0.0000000E+00
 0.0000000E+00  -2.9258600E+04   0.0000000E+00   0.0000000E+00   0.0000000E+00
 0.0000000E+00  -2.6974400E+04   0.0000000E+00   0.0000000E+00   0.0000000E+00
 0.0000000E+00  -2.4671500E+04   0.0000000E+00   0.0000000E+00   0.0000000E+00
 0.0000000E+00  -2.2354400E+04   0.0000000E+00   0.0000000E+00   0.0000000E+00
# 
#vpol_1 (m/s)    vpol_2 (m/s)    vpol_3 (m/s)    vpol_4 (m/s)    vpol_5 (m/s)    
 0.0000000E+00   0.0000000E+00   0.0000000E+00   0.0000000E+00   0.0000000E+00
 0.0000000E+00  -3.8519500E-03   0.0000000E+00   0.0000000E+00   0.0000000E+00
 0.0000000E+00  -2.0177500E-02   0.0000000E+00   0.0000000E+00   0.0000000E+00
 0.0000000E+00  -3.2819200E-02   0.0000000E+00   0.0000000E+00   0.0000000E+00
 0.0000000E+00   2.3149900E-03   0.0000000E+00   0.0000000E+00   0.0000000E+00
 0.0000000E+00   1.5454200E-01   0.0000000E+00   0.0000000E+00   0.0000000E+00
 0.0000000E+00   5.3069600E-01   0.0000000E+00   0.0000000E+00   0.0000000E+00
 0.0000000E+00   1.2388100E+00   0.0000000E+00   0.0000000E+00   0.0000000E+00
 0.0000000E+00   2.4196700E+00   0.0000000E+00   0.0000000E+00   0.0000000E+00
 0.0000000E+00   4.2718300E+00   0.0000000E+00   0.0000000E+00   0.0000000E+00
 0.0000000E+00   6.9541600E+00   0.0000000E+00   0.0000000E+00   0.0000000E+00
 0.0000000E+00   1.0673600E+01   0.0000000E+00   0.0000000E+00   0.0000000E+00
 0.0000000E+00   1.5690300E+01   0.0000000E+00   0.0000000E+00   0.0000000E+00
 0.0000000E+00   2.2278800E+01   0.0000000E+00   0.0000000E+00   0.0000000E+00
 0.0000000E+00   3.0661100E+01   0.0000000E+00   0.0000000E+00   0.0000000E+00
 0.0000000E+00   4.1105300E+01   0.0000000E+00   0.0000000E+00   0.0000000E+00
 0.0000000E+00   5.3894900E+01   0.0000000E+00   0.0000000E+00   0.0000000E+00
 0.0000000E+00   6.9375600E+01   0.0000000E+00   0.0000000E+00   0.0000000E+00
 0.0000000E+00   8.7694000E+01   0.0000000E+00   0.0000000E+00   0.0000000E+00
 0.0000000E+00   1.0905100E+02   0.0000000E+00   0.0000000E+00   0.0000000E+00
 0.0000000E+00   1.3366700E+02   0.0000000E+00   0.0000000E+00   0.0000000E+00
 0.0000000E+00   1.6181300E+02   0.0000000E+00   0.0000000E+00   0.0000000E+00
 0.0000000E+00   1.9376100E+02   0.0000000E+00   0.0000000E+00   0.0000000E+00
 0.0000000E+00   2.2954300E+02   0.0000000E+00   0.0000000E+00   0.0000000E+00
 0.0000000E+00   2.6926200E+02   0.0000000E+00   0.0000000E+00   0.0000000E+00
 0.0000000E+00   3.1296100E+02   0.0000000E+00   0.0000000E+00   0.0000000E+00
 0.0000000E+00   3.6063900E+02   0.0000000E+00   0.0000000E+00   0.0000000E+00
 0.0000000E+00   4.1228000E+02   0.0000000E+00   0.0000000E+00   0.0000000E+00
 0.0000000E+00   4.6762600E+02   0.0000000E+00   0.0000000E+00   0.0000000E+00
 0.0000000E+00   5.2534500E+02   0.0000000E+00   0.0000000E+00   0.0000000E+00
 0.0000000E+00   5.8380300E+02   0.0000000E+00   0.0000000E+00   0.0000000E+00
 0.0000000E+00   6.4135300E+02   0.0000000E+00   0.0000000E+00   0.0000000E+00
 0.0000000E+00   6.9634400E+02   0.0000000E+00   0.0000000E+00   0.0000000E+00
 0.0000000E+00   7.4714400E+02   0.0000000E+00   0.0000000E+00   0.0000000E+00
 0.0000000E+00   7.9219500E+02   0.0000000E+00   0.0000000E+00   0.0000000E+00
 0.0000000E+00   8.3001900E+02   0.0000000E+00   0.0000000E+00   0.0000000E+00
 0.0000000E+00   8.5921700E+02   0.0000000E+00   0.0000000E+00   0.0000000E+00
 0.0000000E+00   8.7803500E+02   0.0000000E+00   0.0000000E+00   0.0000000E+00
 0.0000000E+00   8.8552500E+02   0.0000000E+00   0.0000000E+00   0.0000000E+00
 0.0000000E+00   8.8073300E+02   0.0000000E+00   0.0000000E+00   0.0000000E+00
 0.0000000E+00   8.6291800E+02   0.0000000E+00   0.0000000E+00   0.0000000E+00
 0.0000000E+00   8.3085200E+02   0.0000000E+00   0.0000000E+00   0.0000000E+00
 0.0000000E+00   7.8386900E+02   0.0000000E+00   0.0000000E+00   0.0000000E+00
 0.0000000E+00   7.2498700E+02   0.0000000E+00   0.0000000E+00   0.0000000E+00
 0.0000000E+00   6.5507300E+02   0.0000000E+00   0.0000000E+00   0.0000000E+00
 0.0000000E+00   5.7765800E+02   0.0000000E+00   0.0000000E+00   0.0000000E+00
 0.0000000E+00   4.9387300E+02   0.0000000E+00   0.0000000E+00   0.0000000E+00
 0.0000000E+00   4.0599300E+02   0.0000000E+00   0.0000000E+00   0.0000000E+00
 0.0000000E+00   3.1478800E+02   0.0000000E+00   0.0000000E+00   0.0000000E+00
 0.0000000E+00   2.2148000E+02   0.0000000E+00   0.0000000E+00   0.0000000E+00
 0.0000000E+00   1.2769000E+02   0.0000000E+00   0.0000000E+00   0.0000000E+00
