           8
 3.4209260375000E+00
 0.0000000000000E+00
 6.3388023075000E-02
 0.0000000000000E+00
 4.5836770000014E-03
 5.9426726500016E-05
-1.8893812925006E-04
 5.4967280250017E-03
-3.8068498749812E-07
 2.3308375056891E-10
-7.8152724995471E-09
 2.4305625249870E-07
-1.3925829100004E-04
-2.5714545250008E-05
 3.1301857425010E-05
-1.5693191175005E-04
-1.4984772124932E-07
 1.3637257500218E-08
 9.7333699996692E-09
-1.1105719999919E-07
 1.2123636050004E-05
 4.4266959750013E-06
-5.0207280625015E-06
 1.3311058750004E-05
-1.7473108500121E-08
-7.8808230000772E-09
-4.9355367499072E-09
-1.7468449250126E-08
-1.3969915950004E-06
-7.9568249000024E-07
 8.7580253500026E-07
-1.5234214350004E-06
 2.0262901750015E-08
 4.8554877500195E-09
-2.3077150002151E-10
 9.0674176250177E-09
 3.4207553983187E+00
 0.0000000000000E+00
 6.3369446824072E-02
 0.0000000000000E+00
 1.3966235230029E-02
 1.6753936855467E-04
-5.5954896158866E-04
 1.6740974781202E-02
 1.1747086598595E-05
 3.7091806583574E-06
 2.9405253575974E-06
-8.1283949015853E-06
-4.2424183907636E-04
-7.7151597278978E-05
 9.3882202414139E-05
-4.7654240329812E-04
 4.2318225099291E-06
 1.4265902523060E-06
-2.1486243899233E-06
 5.1078612511532E-06
 3.6637665537202E-05
 1.3259586509190E-05
-1.4990422099888E-05
 3.9896398227381E-05
-7.9909538009960E-07
-5.0976654919889E-07
 6.0560993074973E-07
-8.2769641019019E-07
-4.1539884299197E-06
-2.3480266164574E-06
 2.5736318454796E-06
-4.3995066408092E-06
 1.1451717101321E-07
 1.3449174282345E-07
-1.4348570045200E-07
 1.2282515007153E-07
 3.4202821006802E+00
 0.0000000000000E+00
 6.3340859559610E-02
 0.0000000000000E+00
 2.7870263322999E-02
 3.1876957795040E-04
-1.0990939840934E-03
 3.3388351703498E-02
 5.2872776271451E-05
 9.4158053347933E-06
 8.2097922039189E-06
-3.6739633744197E-05
-8.4505275274486E-04
-1.5250918806661E-04
 1.8592691982298E-04
-9.4712673656096E-04
 1.8289740754163E-05
 5.3460534417805E-06
-5.3294297762424E-06
 2.3759336914239E-05
 7.1529275017557E-05
 2.6192502661988E-05
-2.9747614781503E-05
 7.9160045292164E-05
-4.1193310211331E-06
-1.1654911179139E-06
 1.1011382883204E-06
-4.2878115887486E-06
-8.4347037183775E-06
-4.6681887629615E-06
 5.1393425640474E-06
-9.1027791682940E-06
 7.1827363789883E-07
 1.6494913957393E-07
-2.9471513019161E-07
 5.6234933714605E-07
 3.4195049858238E+00
 0.0000000000000E+00
 6.3375394782154E-02
 0.0000000000000E+00
 4.2123206302550E-02
 4.8740119081818E-04
-1.6732558199670E-03
 5.0478040044400E-02
 1.2169852494387E-04
 9.2148913627229E-06
 1.0276858683699E-05
-8.4876741836176E-05
-1.2770683143428E-03
-2.3128795975582E-04
 2.8340409265231E-04
-1.4352447759036E-03
 4.0737819744288E-05
 7.4636103218811E-06
-7.0649039219371E-06
 5.6106924279487E-05
 1.0883000006729E-04
 4.0192159948106E-05
-4.5789872069058E-05
 1.2138023761531E-04
-1.0230773955727E-05
-9.4690878720596E-07
 2.6113381078040E-06
-1.1030403730749E-05
-1.3353437779654E-05
-7.2674308309229E-06
 7.9662876906174E-06
-1.4070838824695E-05
 1.8697245507772E-06
 1.0663082300775E-06
-1.1998029303634E-06
 1.5931690776471E-06
 3.4184275765350E+00
 0.0000000000000E+00
 6.3446688429646E-02
 0.0000000000000E+00
 5.6153955567991E-02
 6.5532760070623E-04
-2.2480301740739E-03
 6.7347059480233E-02
 2.1779427394464E-04
 1.1468827530002E-05
 1.4937000970756E-05
-1.5187670309110E-04
-1.7057184034463E-03
-3.0967058934942E-04
 3.8205230892052E-04
-1.9255783961930E-03
 7.3235284832436E-05
 8.9158660848194E-06
-1.2296115927826E-05
 1.0014771206065E-04
 1.4885549854077E-04
 5.4829333904306E-05
-6.2557341551251E-05
 1.6498700387193E-04
-1.7529626440424E-05
-2.8605633424442E-06
 5.7214145059490E-06
-1.9953235150894E-05
-1.8221853344477E-05
-1.0031299802305E-05
 1.0919397217939E-05
-1.8581030580992E-05
 3.1611456126378E-06
 2.3823938904854E-06
-2.0330560715802E-06
 3.5542166706191E-06
 3.4170769610125E+00
 0.0000000000000E+00
 6.3534561961683E-02
 0.0000000000000E+00
 7.0078636376497E-02
 8.1594421590913E-04
-2.8193139543428E-03
 8.4135315924539E-02
 3.4181567717768E-04
 1.7543513248077E-05
 2.3186545113898E-05
-2.3797582129706E-04
-2.1373882780533E-03
-3.8770039686587E-04
 4.8194303057816E-04
-2.4204170466509E-03
 1.1552538995738E-04
 1.1465493845722E-05
-2.0749373233664E-05
 1.5637961208748E-04
 1.9026252685034E-04
 7.0120480567118E-05
-7.9991562387050E-05
 2.0932524853394E-04
-2.6916757042014E-05
-6.1853807730924E-06
 9.9403151899531E-06
-3.0959629765584E-05
-2.2744183747552E-05
-1.2870725975019E-05
 1.3963446412988E-05
-2.2989570847097E-05
 4.7583382635285E-06
 3.4892554312934E-06
-3.2218977781570E-06
 5.7818333959485E-06
 3.4154612528276E+00
 0.0000000000000E+00
 6.3632554895767E-02
 0.0000000000000E+00
 8.4031222845685E-02
 9.6746789643680E-04
-3.3887661840160E-03
 1.0099823645614E-01
 4.9395062295898E-04
 2.6926212337646E-05
 3.4715628146193E-05
-3.4315310788115E-04
-2.5765393310163E-03
-4.6570543398892E-04
 5.8372415596052E-04
-2.9226521086496E-03
 1.6662022017854E-04
 1.5765814525204E-05
-3.1630265290877E-05
 2.2554274433483E-04
 2.3325780441877E-04
 8.6108328185304E-05
-9.8242062188906E-05
 2.5375213469517E-04
-3.8716246675142E-05
-1.0590606389333E-05
 1.4726857085525E-05
-4.4863968392432E-05
-2.6585817970246E-05
-1.5787568533867E-05
 1.7129000890635E-05
-2.6903266508971E-05
 7.0742939832882E-06
 4.6706478887266E-06
-4.3770464449297E-06
 8.4666379653582E-06
 3.4136028881842E+00
 0.0000000000000E+00
 6.3751231649063E-02
 0.0000000000000E+00
 9.7976927744076E-02
 1.1128145675850E-03
-3.9591577701942E-03
 1.1788802200964E-01
 6.7487344586720E-04
 3.6133279218896E-05
 4.7211376141347E-05
-4.6788454531067E-04
-3.0210316877922E-03
-5.4352243218395E-04
 6.8772878977538E-04
-3.4300429793772E-03
 2.2713551108769E-04
 2.1922635543323E-05
-4.2530908281372E-05
 3.0783142316155E-04
 2.7655131515781E-04
 1.0279586574149E-04
-1.1758311861577E-04
 2.9881411049943E-04
-5.2436780712489E-05
-1.5241387479030E-05
 1.9042408361119E-05
-6.1993184161931E-05
-3.0109690889931E-05
-1.8829195101699E-05
 2.0625964202641E-05
-3.1032316562949E-05
 1.0332328676247E-05
 5.5548454114262E-06
-5.4440876439881E-06
 1.2001409526968E-05
 3.4115356775876E+00
 0.0000000000000E+00
 6.3893052627004E-02
 0.0000000000000E+00
 1.1183926259262E-01
 1.2520391889657E-03
-4.5281921465367E-03
 1.3471209822076E-01
 8.8290840688130E-04
 4.4917976100915E-05
 6.0486242120664E-05
-6.1099006833463E-04
-3.4662168779838E-03
-6.2055485640337E-04
 7.9359860147631E-04
-3.9412741766525E-03
 2.9634137125845E-04
 2.8530742866989E-05
-5.4182124843037E-05
 4.0255349217209E-04
 3.2040760401685E-04
 1.2025865993452E-04
-1.3803893542141E-04
 3.4575674609931E-04
-6.8952532055716E-05
-1.9496102258414E-05
 2.4411268394131E-05
-8.1553874029043E-05
-3.3827057994202E-05
-2.2178721411830E-05
 2.4354788315288E-05
-3.5765389655278E-05
 1.3889645195593E-05
 6.5156927728116E-06
-7.5945614284509E-06
 1.5697174305086E-05
 3.4092708198436E+00
 0.0000000000000E+00
 6.4048224048597E-02
 0.0000000000000E+00
 1.2570518215649E-01
 1.3822313914490E-03
-5.0936705229411E-03
 1.5156782358445E-01
 1.1181900595623E-03
 5.5788415450835E-05
 7.6284433155039E-05
-7.7238750327544E-04
-3.9153742370522E-03
-6.9674643676123E-04
 9.0109834732664E-04
-4.4571247594502E-03
 3.7486308189897E-04
 3.4977293886709E-05
-6.8649888492996E-05
 5.0909822384893E-04
 3.6552471042686E-04
 1.3863414405541E-04
-1.5926135761793E-04
 3.9300383419685E-04
-8.7535507352582E-05
-2.4283761829153E-05
 3.1811551939853E-05
-1.0323205839832E-04
-3.8037407820700E-05
-2.5728585559718E-05
 2.7956357572383E-05
-3.9399333009883E-05
 1.7844332453618E-05
 8.4639597898875E-06
-1.0453561616340E-05
 1.9603367366189E-05
 3.4068377013671E+00
 0.0000000000000E+00
 6.4217975902569E-02
 0.0000000000000E+00
 1.3953421612402E-01
 1.5037938376496E-03
-5.6538486419509E-03
 1.6839423035566E-01
 1.3791038030538E-03
 6.7193105539280E-05
 9.3560798103983E-05
-9.5099845338544E-04
-4.3663926195336E-03
-7.7159501470089E-04
 1.0097904040232E-03
-4.9734177818761E-03
 4.6192214217190E-04
 4.2195963748343E-05
-8.4192020268693E-05
 6.2697655282532E-04
 4.1161945607254E-04
 1.5768774334334E-04
-1.8129572756912E-04
 4.3927489046854E-04
-1.0802211984152E-04
-3.0025868091577E-05
 3.9365392950203E-05
-1.2731613525002E-04
-4.1500307407996E-05
-2.9296032382093E-05
 3.1696423185242E-05
-4.1956822368365E-05
 2.1932853955915E-05
 1.0877174690721E-05
-1.2796060257620E-05
 2.4325091151340E-05
 3.4042486449037E+00
 0.0000000000000E+00
 6.4404852046006E-02
 0.0000000000000E+00
 1.5337115075717E-01
 1.6180617479351E-03
-6.2109650968459E-03
 1.8524068889111E-01
 1.6655359277315E-03
 7.8188059445136E-05
 1.1173038446296E-04
-1.1468171518729E-03
-4.8193286220820E-03
-8.4505000910797E-04
 1.1201267749751E-03
-5.4913574843157E-03
 5.5748503715651E-04
 5.0097469925748E-05
-1.0024459833753E-04
 7.5624346224892E-04
 4.5800305563944E-04
 1.7747620374299E-04
-2.0440855415266E-04
 4.8560020133272E-04
-1.3036016485538E-04
-3.6224988099725E-05
 4.7078399850033E-05
-1.5391562992834E-04
-4.4454849508148E-05
-3.2976968935224E-05
 3.5707364746977E-05
-4.4301778318868E-05
 2.6583982887212E-05
 1.3216349597956E-05
-1.5249061773379E-05
 2.9649494838522E-05
 3.4015300893750E+00
 0.0000000000000E+00
 6.4605237768492E-02
 0.0000000000000E+00
 1.6717101957253E-01
 1.7236577355298E-03
-6.7612643678427E-03
 2.0204826521238E-01
 1.9755837680931E-03
 8.9182108493372E-05
 1.3104476385226E-04
-1.3585787989101E-03
-5.2717044591763E-03
-9.1651804035747E-04
 1.2314993923452E-03
-6.0088531119989E-03
 6.6111479451575E-04
 5.8154035511004E-05
-1.1732355393077E-04
 8.9587908556671E-04
 5.0476578905134E-04
 1.9802583685016E-04
-2.2841924291454E-04
 5.3187431700987E-04
-1.5448851464416E-04
-4.2658655187065E-05
 5.5618565760267E-05
-1.8253366160525E-04
-4.6933150671152E-05
-3.6834063650100E-05
 3.9787415305371E-05
-4.6304552218871E-05
 3.1692329810720E-05
 1.5634400341644E-05
-1.8296474598785E-05
 3.5248733492233E-05
 3.3986972361947E+00
 0.0000000000000E+00
 6.4816139728221E-02
 0.0000000000000E+00
 1.8093617408517E-01
 1.8194956439378E-03
-7.3030618647773E-03
 2.1881664458559E-01
 2.3084512040729E-03
 1.0045617451429E-04
 1.5171620274728E-04
-1.5857546063337E-03
-5.7232542513636E-03
-9.8568832467450E-04
 1.3437438200862E-03
-6.5254026707862E-03
 7.7265082137602E-04
 6.6193006310412E-05
-1.3567335228102E-04
 1.0454186057734E-03
 5.5214807530307E-04
 2.1938965093055E-04
-2.5328284808534E-04
 5.7775967244383E-04
-1.8026578215578E-04
-4.9431709880789E-05
 6.5122240882806E-05
-2.1298858585375E-04
-4.9091510737988E-05
-4.0846628260782E-05
 4.3868121474853E-05
-4.7479013720230E-05
 3.7185568788412E-05
 1.8350903038594E-05
-2.1837496179727E-05
 4.1106050119638E-05
 3.3957543156761E+00
 0.0000000000000E+00
 6.5038988848374E-02
 0.0000000000000E+00
 1.9470204933556E-01
 1.9061030717184E-03
-7.8382744249838E-03
 2.3558826395398E-01
 2.6647011052090E-03
 1.1128457360730E-04
 1.7335257141558E-04
-1.8287406879229E-03
-6.1752340581921E-03
-1.0525859298677E-03
 1.4573788237173E-03
-7.0420295378440E-03
 8.9210033113962E-04
 7.4541797537702E-05
-1.5463793425007E-04
 1.2052637359628E-03
 6.0030252417218E-04
 2.4166202573754E-04
-2.7924653831087E-04
 6.2312324803430E-04
-2.0770991109615E-04
-5.6777957263468E-05
 7.4871802824219E-05
-2.4557807041773E-04
-5.0798269680663E-05
-4.4982972873007E-05
 4.8118590281001E-05
-4.7674040689056E-05
 4.2970949137786E-05
 2.1432835556679E-05
-2.5211389924745E-05
 4.7553640782025E-05
 3.3927158211640E+00
 0.0000000000000E+00
 6.5274707318397E-02
 0.0000000000000E+00
 2.0844114323665E-01
 1.9836693451747E-03
-8.3669921660533E-03
 2.5233336264146E-01
 3.0438901765705E-03
 1.2111579282287E-04
 1.9564094175214E-04
-2.0872902241551E-03
-6.6261102431697E-03
-1.1169815311815E-03
 1.5726192022171E-03
-7.5590771246025E-03
 1.0192923094412E-03
 8.3102855188810E-05
-1.7391873172310E-04
 1.3752849993195E-03
 6.4926176162137E-04
 2.6492927459907E-04
-3.0652806626447E-04
 6.6884273957577E-04
-2.3671647963492E-04
-6.4455006173556E-05
 8.4877208524050E-05
-2.8041575576057E-04
-5.1812904050743E-05
-4.9297690543271E-05
 5.2658576046864E-05
-4.7639195791981E-05
 4.9325158769826E-05
 2.4556024736046E-05
-2.8781493208789E-05
 5.4568109644417E-05
 3.3895849396846E+00
 0.0000000000000E+00
 6.5519578296510E-02
 0.0000000000000E+00
 2.2216561388707E-01
 2.0506383830111E-03
-8.8885437874730E-03
 2.6907268364129E-01
 3.4466900386539E-03
 1.3098406854258E-04
 2.1937070425870E-04
-2.3617407028255E-03
-7.0769609577830E-03
-1.1787313407792E-03
 1.6896626172736E-03
-8.0781403296274E-03
 1.1544922765764E-03
 9.1268052856994E-05
-1.9461665201602E-04
 1.5555916598181E-03
 6.9945378941241E-04
 2.8944714638590E-04
-3.3510423416079E-04
 7.1513612869755E-04
-2.6756289224443E-04
-7.2316017605621E-05
 9.6215980996404E-05
-3.1718062739635E-04
-5.2602764686375E-05
-5.3904824790566E-05
 5.7222638006478E-05
-4.6989251132021E-05
 5.6143625243361E-05
 2.7855858954265E-05
-3.3318812807143E-05
 6.1759186955458E-05
 3.3863740964734E+00
 0.0000000000000E+00
 6.5775166556902E-02
 0.0000000000000E+00
 2.3583982873144E-01
 2.1070023045661E-03
-9.4032268819868E-03
 2.8576912395955E-01
 3.8729232516904E-03
 1.4004515532776E-04
 2.4407717303849E-04
-2.6518763103436E-03
-7.5274031828730E-03
-1.2376432783124E-03
 1.8088402518595E-03
-8.5989669433041E-03
 1.2975217526955E-03
 9.9487918662899E-05
-2.1590606650439E-04
 1.7460917758547E-03
 7.5156704748577E-04
 3.1528332881561E-04
-3.6527010772428E-04
 7.6161213851745E-04
-2.9990458488603E-04
-8.0830472090387E-05
 1.0785696875817E-04
-3.5621939467860E-04
-5.2991379464386E-05
-5.8716618644239E-05
 6.2093084062775E-05
-4.5170891873928E-05
 6.3482437521918E-05
 3.1664257035710E-05
-3.7663487703363E-05
 6.9621516093816E-05
 3.3830791123173E+00
 0.0000000000000E+00
 6.6045995874748E-02
 0.0000000000000E+00
 2.4949069085524E-01
 2.1536010432109E-03
-9.9149697937164E-03
 3.0246775822831E-01
 4.3248185285981E-03
 1.4736150807126E-04
 2.6935671393275E-04
-2.9591025819601E-03
-7.9788263522323E-03
-1.2938668076351E-03
 1.9313447176950E-03
-9.1253562492213E-03
 1.4486129801529E-03
 1.0796338781539E-04
-2.3722492608192E-04
 1.9481099291478E-03
 8.0580435502311E-04
 3.4269216433094E-04
-3.9762822462930E-04
 8.0969354925305E-04
-3.3406463320513E-04
-8.9950811586690E-05
 1.1945852905208E-04
-3.9822102073974E-04
-5.2918957045923E-05
-6.3823770758465E-05
 6.7592639014460E-05
-4.3020000513243E-05
 7.1339204507249E-05
 3.5699909053019E-05
-4.1848363465425E-05
 7.8611387203396E-05
 3.3797053717660E+00
 0.0000000000000E+00
 6.6330189453227E-02
 0.0000000000000E+00
 2.6309879533678E-01
 2.1893083738464E-03
-1.0423590951038E-02
 3.1915645164536E-01
 4.8034645940932E-03
 1.5362639041237E-04
 2.9583283731566E-04
-3.2839458433941E-03
-8.4313188541681E-03
-1.3472686692641E-03
 2.0574833705191E-03
-9.6590815344784E-03
 1.6078687217076E-03
 1.1611940125187E-04
-2.5948507059212E-04
 2.1620892220448E-03
 8.6267781634142E-04
 3.7199781333629E-04
-4.3221395758102E-04
 8.6013265209895E-04
-3.7028358966760E-04
-9.9426728816725E-05
 1.3205706465738E-04
-4.4328357730041E-04
-5.2458718409174E-05
-6.9413927477440E-05
 7.3449567701951E-05
-4.0774233290083E-05
 8.0085952381706E-05
 3.9896994955651E-05
-4.6818150532883E-05
 8.8394853542463E-05
 3.3762497602638E+00
 0.0000000000000E+00
 6.6627792210642E-02
 0.0000000000000E+00
 2.7667448303787E-01
 2.2136053062004E-03
-1.0930717735675E-02
 3.3585653196693E-01
 5.3113230440709E-03
 1.5915625581695E-04
 3.2396253264113E-04
-3.6278196449862E-03
-8.8863255790537E-03
-1.3978817357233E-03
 2.1878872914007E-03
-1.0202022932238E-02
 1.7761244748190E-03
 1.2376511265270E-04
-2.8317240437842E-04
 2.3888560384936E-03
 9.2287854696709E-04
 4.0352260652591E-04
-4.6917678166278E-04
 9.1296939398018E-04
-4.0861090438628E-04
-1.0938154885843E-04
 1.4601758808292E-04
-4.9157995946836E-04
-5.1609539770812E-05
-7.5508755271476E-05
 7.9584424685329E-05
-3.8064593123232E-05
 8.9932727976273E-05
 4.4423324724266E-05
-5.2710732775466E-05
 9.8943322871863E-05
 3.3727129016877E+00
 0.0000000000000E+00
 6.6940603376581E-02
 0.0000000000000E+00
 2.9020492474230E-01
 2.2261450997879E-03
-1.1437491887604E-02
 3.5255980620294E-01
 5.8497196593154E-03
 1.6370153584094E-04
 3.5381271181244E-04
-3.9913422479025E-03
-9.3445208914491E-03
-1.4456172512185E-03
 2.3230836586718E-03
-1.0754801583415E-02
 1.9535057470171E-03
 1.3093604448655E-04
-3.0823224425544E-04
 2.6289605682173E-03
 9.8687693103229E-04
 4.3745680713786E-04
-5.0875221505096E-04
 9.6803490740645E-04
-4.4925618514639E-04
-1.1999298770432E-04
 1.6121940596516E-04
-5.4334820688450E-04
-5.0328113161738E-05
-8.2049769964279E-05
 8.6114300786832E-05
-3.4493413833759E-05
 1.0080978470927E-04
 4.9359976276313E-05
-5.9354323020359E-05
 1.1041993344091E-04
 3.3690877014961E+00
 0.0000000000000E+00
 6.7271718078538E-02
 0.0000000000000E+00
 3.0369990981081E-01
 2.2265875354652E-03
-1.1945701222514E-02
 3.6928552390866E-01
 6.4207852643254E-03
 1.6680538248924E-04
 3.8537028073258E-04
-4.3756334994323E-03
-9.8073924111789E-03
-1.4904568947106E-03
 2.4637653058442E-03
-1.1318775136112E-02
 2.1402349520647E-03
 1.3770804618063E-04
-3.3449180309096E-04
 2.8834081158198E-03
 1.0550878682431E-03
 4.7405416859777E-04
-5.5120504252257E-04
 1.0252413956101E-03
-4.9253769581506E-04
-1.3141646133419E-04
 1.7747345019766E-04
-5.9902777151304E-04
-4.8574689336780E-05
-8.9064448218681E-05
 9.3100937691782E-05
-2.9731534551742E-05
 1.1272752274319E-04
 5.4789260438166E-05
-6.6542613455924E-05
 1.2303836222169E-04
 3.3653760920943E+00
 0.0000000000000E+00
 6.7625039224771E-02
 0.0000000000000E+00
 3.1712845080153E-01
 2.2153973342151E-03
-1.2456833487516E-02
 3.8600279485119E-01
 7.0255023566746E-03
 1.6760620743985E-04
 4.1832211806061E-04
-4.7810285893552E-03
-1.0274930664563E-02
-1.5323482100536E-03
 2.6104003590440E-03
-1.1893728405745E-02
 2.3363005211836E-03
 1.4431794465460E-04
-3.6138995565681E-04
 3.1526214836473E-03
 1.1275023810352E-03
 5.1347484193815E-04
-5.9677946240671E-04
 1.0845632093600E-03
-5.3837133098769E-04
-1.4385002133090E-04
 1.9423819104552E-04
-6.5910217199293E-04
-4.6234382889117E-05
-9.6537680672098E-05
 1.0070938846177E-04
-2.3768803378122E-05
 1.2591553878095E-04
 6.0764640326465E-05
-7.3820436583792E-05
 1.3713477285284E-04
 3.3615707458430E+00
 0.0000000000000E+00
 6.8003462597087E-02
 0.0000000000000E+00
 3.3048647431028E-01
 2.1926288486644E-03
-1.2973248980163E-02
 4.0271553766154E-01
 7.6664352779859E-03
 1.6596278797543E-04
 4.5294356757691E-04
-5.2089158623121E-03
-1.0747536083408E-02
-1.5712954419392E-03
 2.7637480617566E-03
-1.2481265719083E-02
 2.5420985315862E-03
 1.5057502720986E-04
-3.8921257041852E-04
 3.4377370104365E-03
 1.2045223934456E-03
 5.5603982307889E-04
-6.4573206554810E-04
 1.1465536855393E-03
-5.8701810724122E-04
-1.5724052788793E-04
 2.1190051720905E-04
-7.2409425481775E-04
-4.2965068445019E-05
-1.0454079923111E-04
 1.0893530086881E-04
-1.6944854843919E-05
 1.4061070408707E-04
 6.7147530831700E-05
-8.1664015156654E-05
 1.5286133362641E-04
 3.3576562263341E+00
 0.0000000000000E+00
 6.8409142370068E-02
 0.0000000000000E+00
 3.4379224178790E-01
 2.1575602882628E-03
-1.3497664978855E-02
 4.1945785373780E-01
 8.3478426124557E-03
 1.6221159145423E-04
 4.8995783711223E-04
-5.6616444921692E-03
-1.1227018640931E-02
-1.6072770394697E-03
 2.9248192932055E-03
-1.3084111156956E-02
 2.7584012446003E-03
 1.5610647332672E-04
-4.1875976649564E-04
 3.7405856606334E-03
 1.2868341691810E-03
 6.0223681166519E-04
-6.9833894184077E-04
 1.2116370810860E-03
-6.3898684677602E-04
-1.7162892658587E-04
 2.3122020127939E-04
-7.9459549857345E-04
-3.8896254131786E-05
-1.1317504250273E-04
 1.1765241401767E-04
-9.0370599720660E-06
 1.5712813453105E-04
 7.3993135330441E-05
-9.0659220808701E-05
 1.7021562151964E-04
 3.3536271903840E+00
 0.0000000000000E+00
 6.8846718138365E-02
 0.0000000000000E+00
 3.5702621463174E-01
 2.1101599618791E-03
-1.4032800514333E-02
 4.3621869910790E-01
 9.0727994720782E-03
 1.5577281577837E-04
 5.2950593297574E-04
-6.1407222441708E-03
-1.1713833120591E-02
-1.6401759275037E-03
 3.0946248531743E-03
-1.3703793017602E-02
 2.9853698853339E-03
 1.6099530091370E-04
-4.4996968362904E-04
 4.0625935320776E-03
 1.3751827853988E-03
 6.5239436731501E-04
-7.5509553988912E-04
 1.2801145842568E-03
-6.9454772198467E-04
-1.8730719750686E-04
 2.5206183925775E-04
-8.7145853661870E-04
-3.3966341783611E-05
-1.2244699087953E-04
 1.2710678604096E-04
 1.8905644532091E-07
 1.7574660612443E-04
 8.1480570760218E-05
-1.0058612584384E-04
 1.8960643394513E-04
 3.3494709936014E+00
 0.0000000000000E+00
 6.9322545928266E-02
 0.0000000000000E+00
 3.7018984467073E-01
 2.0504121615559E-03
-1.4582842504290E-02
 4.5301560951813E-01
 9.8460449489663E-03
 1.4600064327362E-04
 5.7185298360471E-04
-6.6486498512497E-03
-1.2209270641783E-02
-1.6699583559773E-03
 3.2746033054414E-03
-1.4343212361480E-02
 3.2235624112932E-03
 1.6525725044127E-04
-4.8291752782302E-04
 4.4059316997286E-03
 1.4703335455404E-03
 7.0699978050757E-04
-8.1662010641400E-04
 1.3526944795703E-03
-7.5413826605636E-04
-2.0450333528013E-04
 2.7448921904866E-04
-9.5576743249811E-04
-2.8172084776194E-05
-1.3244303588887E-04
 1.3750404473637E-04
 1.0770526220204E-05
 1.9683001527012E-04
 8.9677326872796E-05
-1.1149676399192E-04
 2.1151262392827E-04
 3.3451795573899E+00
 0.0000000000000E+00
 6.9842244546467E-02
 0.0000000000000E+00
 3.8326596754356E-01
 1.9783670116319E-03
-1.5151583138179E-02
 4.6984284151903E-01
 1.0671699094202E-02
 1.3252824901404E-04
 6.1747372844672E-04
-7.1873931840835E-03
-1.2713967469858E-02
-1.6965945287693E-03
 3.4659736427186E-03
-1.5004368686689E-02
 3.4732295762874E-03
 1.6871076727674E-04
-5.1798480987593E-04
 4.7724241053802E-03
 1.5730321662479E-03
 7.6657494517728E-04
-8.8333918499558E-04
 1.4299334593276E-03
-8.1829199118166E-04
-2.2335566014615E-04
 2.9889156377835E-04
-1.0484438257317E-03
-2.1434426310184E-05
-1.4328097513699E-04
 1.4885507840778E-04
 2.2750405173370E-05
 2.2074839885042E-04
 9.8619596200804E-05
-1.2373035603643E-04
 2.3622642684558E-04
 3.3407446090519E+00
 0.0000000000000E+00
 7.0411357284584E-02
 0.0000000000000E+00
 3.9623691853000E-01
 1.8936391116356E-03
-1.5742496602085E-02
 4.8669347798337E-01
 1.1554086051881E-02
 1.1515332760663E-04
 6.6703727401099E-04
-7.7589215550822E-03
-1.3228579613856E-02
-1.7200106724201E-03
 3.6699065096236E-03
-1.5688995234650E-02
 3.7346194896344E-03
 1.7105618839426E-04
-5.5577207548592E-04
 5.1638662685068E-03
 1.6841291011074E-03
 8.3165772542591E-04
-9.5562390459746E-04
 1.5121858089871E-03
-8.8753418941159E-04
-2.4400013328948E-04
 3.2585774156111E-04
-1.1503903312435E-03
-1.3641324730716E-05
-1.5504762843365E-04
 1.6112548390270E-04
 3.6325372295341E-05
 2.4800201347532E-04
 1.0837497901033E-04
-1.3776615893922E-04
 2.6393108879833E-04
 3.3361516250525E+00
 0.0000000000000E+00
 7.1038846735370E-02
 0.0000000000000E+00
 4.0910120902961E-01
 1.7968563715412E-03
-1.6361728573844E-02
 5.0358175909426E-01
 1.2499001516865E-02
 9.3118094381447E-05
 7.2107905610592E-04
-8.3660065490282E-03
-1.3754541593599E-02
-1.7402541527967E-03
 3.8881868955553E-03
-1.6399450636111E-02
 4.0081952854209E-03
 1.7229854274002E-04
-5.9654998901479E-04
 5.5827173302890E-03
 1.8045820886522E-03
 9.0285434912124E-04
-1.0341538333547E-03
 1.5997258068118E-03
-9.6242924380634E-04
-2.6679332232227E-04
 3.5556641678314E-04
-1.2628627264048E-03
-4.7360777918770E-06
-1.6778134589721E-04
 1.7453253370735E-04
 5.1908524518019E-05
 2.7913183670307E-04
 1.1911606284744E-04
-1.5368104317653E-04
 2.9507237402326E-04
 3.3313850433893E+00
 0.0000000000000E+00
 7.1735281246268E-02
 0.0000000000000E+00
 4.2185489520445E-01
 1.6888047409503E-03
-1.7016272849782E-02
 5.2052003435946E-01
 1.3512732385776E-02
 6.5553798141144E-05
 7.8023317228293E-04
-9.0115627920340E-03
-1.4293147801461E-02
-1.7574171377938E-03
 4.1227930123935E-03
-1.7138144837556E-02
 4.2942695843037E-03
 1.7240031520717E-04
-6.4067979219779E-04
 6.0316710688183E-03
 1.9353451378856E-03
 9.8085102370605E-04
-1.1196485939453E-03
 1.6929500907875E-03
-1.0436657542556E-03
-2.9206541090639E-04
 3.8832381401454E-04
-1.3872787505751E-03
 5.3861741219412E-06
-1.8157060397125E-04
 1.8925254886398E-04
 6.9804171817223E-05
 3.1470447574404E-04
 1.3095962460200E-04
-1.7172035055657E-04
 3.3017228544292E-04
 3.3264281016578E+00
 0.0000000000000E+00
 7.2512231695880E-02
 0.0000000000000E+00
 4.3449212799028E-01
 1.5699552972982E-03
-1.7713616967123E-02
 5.3751958093221E-01
 1.4602391900808E-02
 3.1702974759927E-05
 8.4542181986333E-04
-9.6988121306112E-03
-1.4845647158304E-02
-1.7715872614143E-03
 4.3758703301470E-03
-1.7907524528885E-02
 4.5931234643282E-03
 1.7116246521009E-04
-6.8884845305503E-04
 6.5137050580572E-03
 2.0774953899944E-03
 1.0664224878623E-03
-1.2128400592085E-03
 1.7922625919342E-03
-1.1320473085228E-03
-3.2012950555317E-04
 4.2476528489555E-04
-1.5251744501343E-03
 1.6822428636422E-05
-1.9652619968502E-04
 2.0539925337694E-04
 9.0375456508645E-05
 3.5539579722859E-04
 1.4405946732871E-04
-1.9238794997298E-04
 3.6972105538163E-04
 3.3212705233400E+00
 0.0000000000000E+00
 7.3383376352536E-02
 0.0000000000000E+00
 4.4698723214596E-01
 1.4421519631518E-03
-1.8462906562228E-02
 5.5456677344598E-01
 1.5774299180903E-02
-9.5519735977499E-06
 9.1749528233340E-04
-1.0430238546050E-02
-1.5412407902891E-02
-1.7829651234332E-03
 4.6497409951152E-03
-1.8708969824585E-02
 4.9043688882594E-03
 1.6856025425160E-04
-7.4159620232873E-04
 7.0314805620319E-03
 2.2319937351152E-03
 1.1602628365554E-03
-1.3145852273770E-03
 1.8979243219824E-03
-1.2283303159039E-03
-3.5139849715378E-04
 4.6535569216653E-04
-1.6781973393991E-03
 2.9588282885512E-05
-2.1271164811538E-04
 2.2326479501039E-04
 1.1407567850328E-04
 4.0190359466469E-04
 1.5864666338309E-04
-2.1602458547064E-04
 4.1433214144173E-04
 3.3158870834185E+00
 0.0000000000000E+00
 7.4366824984388E-02
 0.0000000000000E+00
 4.5934772534293E-01
 1.3066175154917E-03
-1.9276318507632E-02
 5.7169564550695E-01
 1.7038927062653E-02
-5.9407313649531E-05
 9.9783139024302E-04
-1.1210604567911E-02
-1.5995356436766E-02
-1.7918061994321E-03
 4.9477731443572E-03
-1.9546259806718E-02
 5.2283599344321E-03
 1.6439605825592E-04
-7.9996713150989E-04
 7.5893571442425E-03
 2.4003832410186E-03
 1.2634459752326E-03
-1.4260647038237E-03
 2.0105402710257E-03
-1.3335957395904E-03
-3.8632904858352E-04
 5.1105118158697E-04
-1.8485913138171E-03
 4.3713261957698E-05
-2.3031303163145E-04
 2.4308576278500E-04
 1.4145275627216E-04
 4.5526133477964E-04
 1.7497017833067E-04
-2.4338339463630E-04
 4.6472940682467E-04
 3.3102664845501E+00
 0.0000000000000E+00
 7.5481258750867E-02
 0.0000000000000E+00
 4.7154326281597E-01
 1.1656333321557E-03
-2.0166470165741E-02
 5.8889126407070E-01
 1.8404381126063E-02
-1.1902131928615E-04
 1.0879552693727E-03
-1.2042807102026E-02
-1.6594730853491E-02
-1.7984286631580E-03
 5.2731344079900E-03
-2.0420970202801E-02
 5.5642659424529E-03
 1.5846880505882E-04
-8.6517801769389E-04
 8.1905451240069E-03
 2.5839491620984E-03
 1.3768914301585E-03
-1.5483764746291E-03
 2.1304017361109E-03
-1.4487665893352E-03
-4.2537044344094E-04
 5.6295206169002E-04
-2.0384004834345E-03
 5.9148484168451E-05
-2.4950983219774E-04
 2.6510209062138E-04
 1.7311693183578E-04
 5.1644387669886E-04
 1.9334018241705E-04
-2.7532591692690E-04
 5.2161147826812E-04
 3.3043890375713E+00
 0.0000000000000E+00
 7.6752083808114E-02
 0.0000000000000E+00
 4.8355875790160E-01
 1.0220115271801E-03
-2.1150453691918E-02
 6.0616279926646E-01
 1.9881856708782E-02
-1.9018190318240E-04
 1.1897175769630E-03
-1.2931200178006E-02
-1.7211515816672E-02
-1.8032400992350E-03
 5.6302882537466E-03
-2.1335858200510E-02
 5.9113404341033E-03
 1.5072462751151E-04
-9.3860803796935E-04
 8.8395272125433E-03
 2.7844178236433E-03
 1.5017550422401E-03
-1.6831805343643E-03
 2.2578646284200E-03
-1.5750092383240E-03
-4.6914538634455E-04
 6.2227716013144E-04
-2.2502704498166E-03
 7.5726580083676E-05
-2.7055593963294E-04
 2.8978301519573E-04
 2.0998017226531E-04
 5.8667064284865E-04
 2.1420240734643E-04
-3.1278246085708E-04
 5.8589397180160E-04
 3.2982242265767E+00
 0.0000000000000E+00
 7.8211911670039E-02
 0.0000000000000E+00
 4.9539422192650E-01
 8.7890988588235E-04
-2.2250890467767E-02
 6.2354611050436E-01
 2.1486858707329E-02
-2.7490869176513E-04
 1.3058131692615E-03
-1.3882140905881E-02
-1.7847453062926E-02
-1.8067419960573E-03
 6.0252627755582E-03
-2.2295306160051E-02
 6.2689467272631E-03
 1.4092440195078E-04
-1.0224519821352E-03
 9.5425043084065E-03
 3.0041188471317E-03
 1.6396082394349E-03
-1.8326604098369E-03
 2.3935451393373E-03
-1.7139173521565E-03
-5.1832373286974E-04
 6.9103379736985E-04
-2.4875602844311E-03
 9.3165426426213E-05
-2.9386754157213E-04
 3.1760561603039E-04
 2.5317082098905E-04
 6.6751155519500E-04
 2.3813331539637E-04
-3.5731307042518E-04
 6.5863391319178E-04
 3.2917476121761E+00
 0.0000000000000E+00
 7.9900636982083E-02
 0.0000000000000E+00
 5.0702884733459E-01
 7.4026527687318E-04
-2.3494389592680E-02
 6.4105350336497E-01
 2.3235483625132E-02
-3.7592807997558E-04
 1.4393872082051E-03
-1.4901607394458E-02
-1.8503103422449E-02
-1.8095069109369E-03
 6.4651003004772E-03
-2.3302666405789E-02
 6.6353613368533E-03
 1.2890618443266E-04
-1.1192668459070E-03
 1.0305782722723E-02
 3.2453489479314E-03
 1.7919739258752E-03
-1.9995022883560E-03
 2.5379660057274E-03
-1.8669938557805E-03
-5.7369978988935E-04
 7.7159816539526E-04
-2.7540396882024E-03
 1.1091127288088E-04
-3.1986981193088E-04
 3.4938904497388E-04
 3.0402968217628E-04
 7.6064456179100E-04
 2.6598878626960E-04
-4.1071994367114E-04
 7.4119118019573E-04
 3.2849327014680E+00
 0.0000000000000E+00
 8.1868878465213E-02
 0.0000000000000E+00
 5.1843839517183E-01
 6.1228100644554E-04
-2.4915911484841E-02
 6.5869771161739E-01
 2.5146485256299E-02
-4.9654750418691E-04
 1.5945727929026E-03
-1.5996213647460E-02
-1.9178653291407E-02
-1.8123552000430E-03
 6.9587579034734E-03
-2.4361067762586E-02
 7.0080019646825E-03
 1.1450038760402E-04
-1.2325637126746E-03
 1.1136432718690E-02
 3.5109184496266E-03
 1.9606156608297E-03
-2.1870670927034E-03
 2.6912995747817E-03
-2.0358009204124E-03
-6.3618064926727E-04
 8.6720035677627E-04
-3.0539971018986E-03
 1.2828558046937E-04
-3.4921156009565E-04
 3.8605077782203E-04
 3.6441595249457E-04
 8.6801696526980E-04
 2.9889233152176E-04
-4.7541169792305E-04
 8.3510175481413E-04
 3.2777382086111E+00
 0.0000000000000E+00
 8.4184368945764E-02
 0.0000000000000E+00
 5.2961232368434E-01
 5.0238088232749E-04
-2.6562316044457E-02
 6.7652219818076E-01
 2.7245334555731E-02
-6.4085208467489E-04
 1.7773328158109E-03
-1.7175134511928E-02
-1.9875004502504E-02
-1.8161123832087E-03
 7.5185072580563E-03
-2.5475330080409E-02
 7.3836616234197E-03
 9.7334082499036E-05
-1.3675951549310E-03
 1.2043882897069E-02
 3.8044861590594E-03
 2.1478492323240E-03
-2.3999829189915E-03
 2.8537097847414E-03
-2.2219835880452E-03
-7.0685843392651E-04
 9.8266243391612E-04
-3.3930398327427E-03
 1.4442339026386E-04
-3.8290884713275E-04
 4.2870566631402E-04
 4.3675977960288E-04
 9.9209336908028E-04
 3.3834399770224E-04
-5.5503260842370E-04
 9.4250790248757E-04
 3.2701285809422E+00
 0.0000000000000E+00
 8.6935470777701E-02
 0.0000000000000E+00
 5.4051774982746E-01
 4.2185626359727E-04
-2.8494839273261E-02
 6.9454621354131E-01
 2.9559086635717E-02
-8.1480647691109E-04
 1.9950926650660E-03
-1.8446688878206E-02
-2.0591613402350E-02
-1.8217076774905E-03
 8.1601696223627E-03
-2.6647909658057E-02
 7.7567367785483E-03
 7.7587233299802E-05
-1.5307626240709E-03
 1.3037404185173E-02
 4.1300354201268E-03
 2.3560297632462E-03
-2.6444436161880E-03
 3.0241014096960E-03
-2.4266418222100E-03
-7.8716934550673E-04
 1.1237139813588E-03
-3.7771715511036E-03
 1.5790877965214E-04
-4.2224101539448E-04
 4.7909904764485E-04
 5.2471193200796E-04
 1.1355563073815E-03
 3.8642595194552E-04
-6.5379856817939E-04
 1.0657053294717E-03
 3.2620795276656E+00
 0.0000000000000E+00
 9.0231459271692E-02
 0.0000000000000E+00
 5.5109842740169E-01
 3.8386892369370E-04
-3.0788465372708E-02
 7.1275896805155E-01
 3.2115573785228E-02
-1.0259943434409E-03
 2.2575700601807E-03
-1.9817501804181E-02
-2.1326021206548E-02
-1.8298891201259E-03
 8.9031196431033E-03
-2.7877499557045E-02
 8.1191410347910E-03
 5.5484704720181E-05
-1.7305453615253E-03
 1.4125019029815E-02
 4.4913143286713E-03
 2.5874245679279E-03
-2.9279098636558E-03
 3.1998427997110E-03
-2.6499918130945E-03
-8.7826601876992E-04
 1.2980781971196E-03
-4.2117556931264E-03
 1.6628983106805E-04
-4.6898446700246E-04
 5.3903116531509E-04
 6.3310296201306E-04
 1.3012704214740E-03
 4.4572188248026E-04
-7.7745930866049E-04
 1.2062779567912E-03
 3.2535022966634E+00
 0.0000000000000E+00
 9.4247250265902E-02
 0.0000000000000E+00
 5.6136528069729E-01
 4.0414782890641E-04
-3.3562548702422E-02
 7.3128513632688E-01
 3.4969702223378E-02
-1.2870834752037E-03
 2.5807859526681E-03
-2.1306006570249E-02
-2.2078258172583E-02
-1.8408311215765E-03
 9.7798843553106E-03
-2.9170637228537E-02
 8.4622852416908E-03
 3.1092986029878E-05
-1.9807905036685E-03
 1.5324517501126E-02
 4.8950473661564E-03
 2.8461210427100E-03
-3.2630585170312E-03
 3.3790521013795E-03
-2.8931692397076E-03
-9.8186674222397E-04
 1.5185364359407E-03
-4.7061174391552E-03
 1.6625781534199E-04
-5.2579667937849E-04
 6.1159447546610E-04
 7.6855198697465E-04
 1.4930250652874E-03
 5.2001718777567E-04
-9.3574669073899E-04
 1.3670739869043E-03
 3.2443489082023E+00
 0.0000000000000E+00
 9.9196239199663E-02
 0.0000000000000E+00
 5.7124852222413E-01
 5.0182339754711E-04
-3.6960362750216E-02
 7.5013511152061E-01
 3.8171690179554E-02
-1.6140131261559E-03
 2.9862322882355E-03
-2.2924067114167E-02
-2.2839428696131E-02
-1.8532986606951E-03
 1.0828738364682E-02
-3.0523322545282E-02
 8.7706151657332E-03
 3.9962321657610E-06
-2.3005891550713E-03
 1.6648487600323E-02
 5.3465426683310E-03
 3.1348400517928E-03
-3.6645036714277E-03
 3.5569894249346E-03
-3.1541787972187E-03
-1.0986994604375E-03
 1.8027756258395E-03
-5.2671844390951E-03
 1.5306586580601E-04
-5.9617070206383E-04
 6.9968005557775E-04
 9.3890328300510E-04
 1.7136179264190E-03
 6.1366859245642E-04
-1.1421489346065E-03
 1.5495073297917E-03
 3.2344932389462E+00
 0.0000000000000E+00
 1.0542331073113E-01
 0.0000000000000E+00
 5.8072227828161E-01
 7.1161124573844E-04
-4.1221394392340E-02
 7.6944589367042E-01
 4.1809874721197E-02
-2.0325924358118E-03
 3.5101068247434E-03
-2.4696761557543E-02
-2.3598143356401E-02
-1.8646522880154E-03
 1.2113053214363E-02
-3.1935067781452E-02
 9.0224122458366E-03
-2.5862006836906E-05
-2.7220879185232E-03
 1.8120266699391E-02
 5.8538459448289E-03
 3.4578530900635E-03
-4.1560078232559E-03
 3.7266829807937E-03
-3.4277040599070E-03
-1.2300258742606E-03
 2.1797462027154E-03
-5.9066255827305E-03
 1.1989604514507E-04
-6.8557867974942E-04
 8.0742680473237E-04
 1.1559236373957E-03
 1.9671296250459E-03
 7.3340624400309E-04
-1.4183079402761E-03
 1.7562324705677E-03
 3.2238348976520E+00
 0.0000000000000E+00
 1.1341828112484E-01
 0.0000000000000E+00
 5.8967029394224E-01
 1.1259354250079E-03
-4.6728820924120E-02
 7.8922654169832E-01
 4.5979615640188E-02
-2.5797734259899E-03
 4.2064767683471E-03
-2.6639717858220E-02
-2.4334485552202E-02
-1.8745723017561E-03
 1.3724284929998E-02
-3.3376448616211E-02
 9.1818935494196E-03
-5.1355145028807E-05
-3.2930884944112E-03
 1.9753402957707E-02
 6.4214933292218E-03
 3.8172113997872E-03
-4.7697360381431E-03
 3.8646070194663E-03
-3.6986487037196E-03
-1.3781282575036E-03
 2.6884805582408E-03
-6.6281937772483E-03
 5.5381070945556E-05
-8.0074455182334E-04
 9.3908450060195E-04
 1.4411365666767E-03
 2.2557098671044E-03
 8.9006702218454E-04
-1.7902077812820E-03
 1.9824614300288E-03
 3.2121238374740E+00
 0.0000000000000E+00
 1.2406258332198E-01
 0.0000000000000E+00
 5.9802626050523E-01
 1.8321421520377E-03
-5.4093642748427E-02
 8.0971791897994E-01
 5.0873847375894E-02
-3.3326104744520E-03
 5.1774160091837E-03
-2.8792938826050E-02
-2.5020721234348E-02
-1.8651739833713E-03
 1.5819910554974E-02
-3.4807679355963E-02
 9.1889480859164E-03
-6.7523234222363E-05
-4.1008023927255E-03
 2.1578323756536E-02
 7.0599693911753E-03
 4.2098626963287E-03
-5.5604488550579E-03
 3.9297381095138E-03
-3.9395748901408E-03
-1.5393545479660E-03
 3.4038528901027E-03
-7.4353637855220E-03
-5.9920117170483E-05
-9.5058558831781E-04
 1.0990601426975E-03
 1.8328922231969E-03
 2.5759781856007E-03
 1.0939301963510E-03
-2.3115308077127E-03
 2.2160267612041E-03
 3.1989077981029E+00
 0.0000000000000E+00
 1.3902422645663E-01
 0.0000000000000E+00
 6.0562821777043E-01
 2.9133932764235E-03
-6.4359260717199E-02
 8.3130653661600E-01
 5.6848433927226E-02
-4.4647591752368E-03
 6.6238203920108E-03
-3.1220102463069E-02
-2.5590966096528E-02
-1.7785478881561E-03
 1.8673383774208E-02
-3.6140859911166E-02
 8.9200035844892E-03
-6.7057313193147E-05
-5.3041544765892E-03
 2.3632847659537E-02
 7.7941363975015E-03
 4.6107684021584E-03
-6.6155039166439E-03
 3.8380319322072E-03
-4.0853753428463E-03
-1.6927529271901E-03
 4.4583243863343E-03
-8.3162658539217E-03
-2.6934271794960E-04
-1.1507367135986E-03
 1.2831939766086E-03
 2.4020323876692E-03
 2.9206948702816E-03
 1.3513706420009E-03
-3.0722251256159E-03
 2.4174749477938E-03
 3.1826248210827E+00
 0.0000000000000E+00
 1.6318869510232E-01
 0.0000000000000E+00
 6.1211942289119E-01
 4.9237725498909E-03
-8.1045929312834E-02
 8.5546745267695E-01
 6.5069837103901E-02
-6.4734268510789E-03
 9.2305524652530E-03
-3.4123489202484E-02
-2.5831078498285E-02
-1.4287260311348E-03
 2.3114158902066E-02
-3.7089905040228E-02
 7.9664304775491E-03
-2.1136131022493E-05
-7.4540332060089E-03
 2.6022124808562E-02
 8.7019385488494E-03
 4.9108516183733E-03
-8.1580229000407E-03
 3.3242411830622E-03
-3.9221147372902E-03
-1.7390879083427E-03
 6.2823013915626E-03
-9.1972535503865E-03
-7.2005017859455E-04
-1.4244096875199E-03
 1.4336231330730E-03
 3.3446613235090E-03
 3.2567297769015E-03
 1.6379387389300E-03
-4.3452151621497E-03
 2.4274521127859E-03
 3.1617787300000E+00
 0.0000000000000E+00
 2.0940048500000E-01
 0.0000000000000E+00
 6.1390673800000E-01
 9.6034015400000E-03
-1.1349730000000E-01
 8.8079323200000E-01
 7.8158829500000E-02
-1.1377816600000E-02
 1.5504152200000E-02
-3.7178695700000E-02
-2.4440418700000E-02
 2.6476369700000E-04
 3.0802238800000E-02
-3.5768819200000E-02
 4.4505593100000E-03
 3.0659085300000E-04
-1.2263659200000E-02
 2.8019611800000E-02
 9.9443107900000E-03
 4.0318730400000E-03
-1.0188400600000E-02
 1.3399336100000E-03
-2.2646376500000E-03
-9.4355185100000E-04
 9.8916613600000E-03
-9.0720350000000E-03
-2.2239088200000E-03
-1.5372464300000E-03
 9.6199768200000E-04
 5.0334955200000E-03
 3.2579868800000E-03
 1.2970253600000E-03
-6.4966817600000E-03
 1.2990378800000E-03
