  EFITD    01/21/2000    #138855   403ms           7  65  65
 0.214000010E+01 0.440000010E+01 0.850000024E+00 0.999999978E-02 0.000000000E+00
 0.100463021E+01-0.210707467E-01-0.591657348E-01 0.211672317E-01-0.439967006E+00
 0.119593912E+07-0.591657348E-01 0.000000000E+00 0.100463021E+01 0.000000000E+00
-0.210707467E-01 0.000000000E+00 0.211672317E-01 0.000000000E+00 0.000000000E+00
-0.431915671E+00-0.429933280E+00-0.428038180E+00-0.426227450E+00-0.424498141E+00
-0.422847331E+00-0.421272039E+00-0.419769317E+00-0.418336183E+00-0.416969717E+00
-0.415666968E+00-0.414424986E+00-0.413240939E+00-0.412111878E+00-0.411035001E+00
-0.410007507E+00-0.409026593E+00-0.408089548E+00-0.407193691E+00-0.406336397E+00
-0.405515075E+00-0.404727221E+00-0.403970361E+00-0.403242081E+00-0.402540028E+00
-0.401861966E+00-0.401205659E+00-0.400568962E+00-0.399949819E+00-0.399346203E+00
-0.398756236E+00-0.398178041E+00-0.397609860E+00-0.397049993E+00-0.396496832E+00
-0.395948797E+00-0.395404488E+00-0.394862473E+00-0.394321501E+00-0.393780321E+00
-0.393237829E+00-0.392692953E+00-0.392144740E+00-0.391592294E+00-0.391034842E+00
-0.390471637E+00-0.389902055E+00-0.389325589E+00-0.388741732E+00-0.388150185E+00
-0.387550592E+00-0.386942804E+00-0.386326671E+00-0.385702252E+00-0.385069579E+00
-0.384428799E+00-0.383780211E+00-0.383124143E+00-0.382461011E+00-0.381791443E+00
-0.381115973E+00-0.380435377E+00-0.379750490E+00-0.379062235E+00-0.378371626E+00
 0.216325703E+05 0.216201621E+05 0.215768281E+05 0.215035684E+05 0.214013750E+05
 0.212712461E+05 0.211141738E+05 0.209311602E+05 0.207231953E+05 0.204912793E+05
 0.202364043E+05 0.199595703E+05 0.196617695E+05 0.193440000E+05 0.190072559E+05
 0.186525352E+05 0.182808320E+05 0.178931445E+05 0.174904648E+05 0.170737930E+05
 0.166441230E+05 0.162024492E+05 0.157497695E+05 0.152870801E+05 0.148153750E+05
 0.143356523E+05 0.138489062E+05 0.133561328E+05 0.128583291E+05 0.123564902E+05
 0.118516113E+05 0.113446895E+05 0.108367197E+05 0.103286992E+05 0.982162207E+04
 0.931648633E+04 0.881428516E+04 0.831601660E+04 0.782267627E+04 0.733525928E+04
 0.685476221E+04 0.638218018E+04 0.591850977E+04 0.546474658E+04 0.502188672E+04
 0.459092578E+04 0.417285986E+04 0.376868506E+04 0.337939673E+04 0.300599097E+04
 0.264946387E+04 0.231081128E+04 0.199102869E+04 0.169111243E+04 0.141205835E+04
 0.115486206E+04 0.920519714E+03 0.710027161E+03 0.524380188E+03 0.364574738E+03
 0.231606720E+03 0.126472000E+03 0.501664772E+02 0.368604112E+01-0.119734182E+02
-0.697373331E+00-0.663779378E+00-0.631585479E+00-0.600763798E+00-0.571286440E+00
-0.543125510E+00-0.516253114E+00-0.490641445E+00-0.466262579E+00-0.443088651E+00
-0.421091765E+00-0.400244087E+00-0.380517691E+00-0.361884743E+00-0.344317347E+00
-0.327787638E+00-0.312267721E+00-0.297729701E+00-0.284145772E+00-0.271487981E+00
-0.259728491E+00-0.248839423E+00-0.238792881E+00-0.229561016E+00-0.221115947E+00
-0.213429764E+00-0.206474632E+00-0.200222656E+00-0.194645956E+00-0.189716667E+00
-0.185406908E+00-0.181688786E+00-0.178534448E+00-0.175916001E+00-0.173805580E+00
-0.172175303E+00-0.170997307E+00-0.170243680E+00-0.169886589E+00-0.169898123E+00
-0.170250416E+00-0.170915604E+00-0.171865791E+00-0.173073128E+00-0.174509704E+00
-0.176147655E+00-0.177959129E+00-0.179916203E+00-0.181991041E+00-0.184155747E+00
-0.186382458E+00-0.188643277E+00-0.190910354E+00-0.193155780E+00-0.195351705E+00
-0.197470233E+00-0.199483514E+00-0.201363638E+00-0.203082755E+00-0.204612985E+00
-0.205926433E+00-0.206995234E+00-0.207791522E+00-0.208287403E+00-0.208454996E+00
 0.263123901E+04-0.224022734E+05-0.466423750E+05-0.700890703E+05-0.927423516E+05
-0.114602227E+06-0.135668688E+06-0.155941750E+06-0.175421391E+06-0.194107641E+06
-0.212000453E+06-0.229099875E+06-0.245405891E+06-0.260918484E+06-0.275637688E+06
-0.289563438E+06-0.302695812E+06-0.315034781E+06-0.326580344E+06-0.337332469E+06
-0.347291219E+06-0.356456531E+06-0.364828438E+06-0.372406938E+06-0.379192031E+06
-0.385183719E+06-0.390382000E+06-0.394786875E+06-0.398398312E+06-0.401216375E+06
-0.403241000E+06-0.404472219E+06-0.404910062E+06-0.404554469E+06-0.403405469E+06
-0.401463031E+06-0.398727219E+06-0.395198000E+06-0.390875344E+06-0.385759312E+06
-0.379849844E+06-0.373146969E+06-0.365650719E+06-0.357361031E+06-0.348277938E+06
-0.338401406E+06-0.327731500E+06-0.316268188E+06-0.304011438E+06-0.290961312E+06
-0.277117750E+06-0.262480781E+06-0.247050406E+06-0.230826625E+06-0.213809438E+06
-0.195998844E+06-0.177394828E+06-0.157997406E+06-0.137806578E+06-0.116822336E+06
-0.950446875E+05-0.724736328E+05-0.491091641E+05-0.249512871E+05 0.000000000E+00
 0.579437401E-04 0.107025402E-02 0.318489969E-02 0.589404907E-02 0.832980964E-02
 0.101733021E-01 0.115551017E-01 0.126218367E-01 0.134854876E-01 0.142239071E-01
 0.148901558E-01 0.155207831E-01 0.161414444E-01 0.167704243E-01 0.174209457E-01
 0.181029961E-01 0.188254863E-01 0.195996817E-01 0.204448719E-01 0.213950761E-01
 0.224986691E-01 0.238008369E-01 0.253184866E-01 0.270319972E-01 0.289021377E-01
 0.308935791E-01 0.329838209E-01 0.351601169E-01 0.374145657E-01 0.397409908E-01
 0.421333909E-01 0.445852317E-01 0.470890887E-01 0.496364683E-01 0.522176772E-01
 0.548217706E-01 0.574366041E-01 0.600489080E-01 0.626445189E-01 0.652086288E-01
 0.677262098E-01 0.701824278E-01 0.725631863E-01 0.748556033E-01 0.770485103E-01
 0.791328326E-01 0.811019316E-01 0.829516649E-01 0.846804604E-01 0.862891003E-01
 0.877804682E-01 0.891591981E-01 0.904312432E-01 0.916034728E-01 0.926832855E-01
 0.936782360E-01 0.945958123E-01 0.954431444E-01 0.962269306E-01 0.969532579E-01
 0.976276249E-01 0.982549042E-01 0.988393351E-01 0.993845910E-01 0.998938307E-01
 0.104992308E-03 0.198263535E-02 0.624408899E-02 0.130133601E-01 0.164279528E-01
 0.170656163E-01 0.173724275E-01 0.175639130E-01 0.177253801E-01 0.178969037E-01
 0.181012508E-01 0.183538143E-01 0.186664294E-01 0.190489460E-01 0.195098277E-01
 0.200566985E-01 0.206974056E-01 0.214415714E-01 0.223019682E-01 0.232947599E-01
 0.244377423E-01 0.257464573E-01 0.272298865E-01 0.288882647E-01 0.307142250E-01
 0.326959677E-01 0.348201767E-01 0.370736793E-01 0.394441299E-01 0.419201665E-01
 0.444912091E-01 0.471469946E-01 0.498770215E-01 0.526699759E-01 0.555133224E-01
 0.583929531E-01 0.612930618E-01 0.641960949E-01 0.670829713E-01 0.699333772E-01
 0.727263838E-01 0.754410997E-01 0.780575573E-01 0.805575848E-01 0.829256848E-01
 0.851497501E-01 0.872215703E-01 0.891370550E-01 0.908961222E-01 0.925023630E-01
 0.939624384E-01 0.952853262E-01 0.964816362E-01 0.975628048E-01 0.985404924E-01
 0.994260833E-01 0.100230291E+00 0.100962929E+00 0.101632752E+00 0.102247439E+00
 0.102813579E+00 0.103336759E+00 0.103821628E+00 0.104272030E+00 0.104691088E+00
 0.149493266E-03 0.283763628E-02 0.902972929E-02 0.190820582E-01 0.263979062E-01
 0.249985643E-01 0.236007180E-01 0.226469506E-01 0.219714437E-01 0.214996729E-01
 0.211936422E-01 0.210336801E-01 0.210117493E-01 0.211277232E-01 0.213839468E-01
 0.217806604E-01 0.223169178E-01 0.229939036E-01 0.238156524E-01 0.247877911E-01
 0.259172488E-01 0.272131786E-01 0.286866203E-01 0.303473752E-01 0.322001278E-01
 0.342427343E-01 0.364660397E-01 0.388550647E-01 0.413928255E-01 0.440641567E-01
 0.468564890E-01 0.497586653E-01 0.527595505E-01 0.558469296E-01 0.590066835E-01
 0.622221902E-01 0.654739216E-01 0.687393025E-01 0.719927624E-01 0.752061829E-01
 0.783496872E-01 0.813927948E-01 0.843059421E-01 0.870621428E-01 0.896386802E-01
 0.920185819E-01 0.941915140E-01 0.961542130E-01 0.979101136E-01 0.994684920E-01
 0.100843132E+00 0.102050871E+00 0.103110127E+00 0.104039609E+00 0.104857348E+00
 0.105579972E+00 0.106222332E+00 0.106797270E+00 0.107315682E+00 0.107786566E+00
 0.108217217E+00 0.108613439E+00 0.108979769E+00 0.109319665E+00 0.109635711E+00
 0.175089051E-03 0.331506273E-02 0.104768481E-01 0.218779743E-01 0.303861145E-01
 0.293423533E-01 0.276698750E-01 0.262780003E-01 0.251554772E-01 0.242741145E-01
 0.236042608E-01 0.231186952E-01 0.227981992E-01 0.226675235E-01 0.227603875E-01
 0.230528228E-01 0.235067438E-01 0.241207555E-01 0.249025691E-01 0.258513838E-01
 0.269505791E-01 0.282027312E-01 0.296366978E-01 0.313023478E-01 0.332113989E-01
 0.353718325E-01 0.377820581E-01 0.403981283E-01 0.431738533E-01 0.460953042E-01
 0.491563044E-01 0.523512624E-01 0.556729957E-01 0.591116622E-01 0.626538768E-01
 0.662819967E-01 0.699734017E-01 0.736999884E-01 0.774278939E-01 0.811178014E-01
 0.847259015E-01 0.882057175E-01 0.915108845E-01 0.945985094E-01 0.974327847E-01
 0.999881029E-01 0.102251202E+00 0.104221731E+00 0.105911277E+00 0.107341096E+00
 0.108539023E+00 0.109536275E+00 0.110364564E+00 0.111053981E+00 0.111631557E+00
 0.112120569E+00 0.112540402E+00 0.112906672E+00 0.113231629E+00 0.113524623E+00
 0.113792598E+00 0.114040509E+00 0.114271753E+00 0.114488512E+00 0.114692062E+00
 0.185513025E-03 0.350619387E-02 0.110353855E-01 0.228536576E-01 0.318301506E-01
 0.310703497E-01 0.294998419E-01 0.280758329E-01 0.268481914E-01 0.258330144E-01
 0.250242893E-01 0.244018231E-01 0.239313096E-01 0.236749779E-01 0.237198602E-01
 0.238967873E-01 0.242827833E-01 0.248376466E-01 0.255766362E-01 0.265221447E-01
 0.276053995E-01 0.288014393E-01 0.300926790E-01 0.318263322E-01 0.337897278E-01
 0.360706374E-01 0.387966633E-01 0.417239778E-01 0.447730608E-01 0.479690358E-01
 0.513243005E-01 0.548444092E-01 0.585297458E-01 0.623758510E-01 0.663729534E-01
 0.705050305E-01 0.747484788E-01 0.790705979E-01 0.834281370E-01 0.877664536E-01
 0.920198634E-01 0.961140767E-01 0.999710858E-01 0.103516422E+00 0.106687687E+00
 0.109442271E+00 0.111762509E+00 0.113656819E+00 0.115156606E+00 0.116309859E+00
 0.117173322E+00 0.117805086E+00 0.118259162E+00 0.118582264E+00 0.118812606E+00
 0.118980080E+00 0.119107142E+00 0.119210042E+00 0.119300008E+00 0.119384415E+00
 0.119467691E+00 0.119552083E+00 0.119638287E+00 0.119725913E+00 0.119813837E+00
 0.186675068E-03 0.352669437E-02 0.110902321E-01 0.230011996E-01 0.319506340E-01
 0.311890002E-01 0.296291709E-01 0.282308888E-01 0.270489305E-01 0.260949228E-01
 0.253577139E-01 0.248206612E-01 0.244708266E-01 0.242999718E-01 0.242964514E-01
 0.244300812E-01 0.247728154E-01 0.252331123E-01 0.259208828E-01 0.267877486E-01
 0.280073807E-01 0.293245409E-01 0.306766182E-01 0.325395130E-01 0.346019492E-01
 0.369901359E-01 0.398621075E-01 0.429525711E-01 0.461983755E-01 0.496304706E-01
 0.532665178E-01 0.571179166E-01 0.611915700E-01 0.654900819E-01 0.700109825E-01
 0.747450963E-01 0.796740130E-01 0.847664773E-01 0.899738520E-01 0.952251479E-01
 0.100423135E+00 0.105444357E+00 0.110146530E+00 0.114385195E+00 0.118036464E+00
 0.121018998E+00 0.123308167E+00 0.124938525E+00 0.125993714E+00 0.126586571E+00
 0.126836389E+00 0.126851305E+00 0.126719266E+00 0.126506373E+00 0.126259208E+00
 0.126008824E+00 0.125774592E+00 0.125567436E+00 0.125392467E+00 0.125250787E+00
 0.125140950E+00 0.125059828E+00 0.125003368E+00 0.124967091E+00 0.124946311E+00
 0.180550778E-03 0.341089605E-02 0.107281199E-01 0.222251322E-01 0.308177769E-01
 0.296882689E-01 0.279791877E-01 0.266617723E-01 0.257141069E-01 0.250513218E-01
 0.245994348E-01 0.243133046E-01 0.241703279E-01 0.241606645E-01 0.242824480E-01
 0.245380979E-01 0.249307398E-01 0.254574381E-01 0.261333436E-01 0.271438267E-01
 0.283978358E-01 0.298453160E-01 0.314944237E-01 0.333976485E-01 0.355832018E-01
 0.380719230E-01 0.408736393E-01 0.439639986E-01 0.473157428E-01 0.509289019E-01
 0.548128858E-01 0.589798130E-01 0.634425059E-01 0.682134107E-01 0.733034387E-01
 0.787200779E-01 0.844641924E-01 0.905245692E-01 0.968688205E-01 0.103429057E+00
 0.110081635E+00 0.116625637E+00 0.122777946E+00 0.128212810E+00 0.132642329E+00
 0.135886401E+00 0.137907177E+00 0.138817310E+00 0.138855606E+00 0.138314381E+00
 0.137454808E+00 0.136465847E+00 0.135466844E+00 0.134525806E+00 0.133677185E+00
 0.132934719E+00 0.132299945E+00 0.131767437E+00 0.131328046E+00 0.130970910E+00
 0.130684614E+00 0.130457893E+00 0.130280063E+00 0.130141169E+00 0.130032167E+00
 0.168252373E-03 0.317319180E-02 0.994314440E-02 0.204865467E-01 0.276784636E-01
 0.252090823E-01 0.233636685E-01 0.228919145E-01 0.228643529E-01 0.229373295E-01
 0.230385642E-01 0.231565852E-01 0.232998785E-01 0.234934557E-01 0.237681437E-01
 0.241472423E-01 0.246506669E-01 0.252922885E-01 0.260913856E-01 0.271635391E-01
 0.284433365E-01 0.299392175E-01 0.316670649E-01 0.336468928E-01 0.358981192E-01
 0.384358540E-01 0.412710272E-01 0.444102995E-01 0.478592999E-01 0.516266301E-01
 0.557253733E-01 0.601731427E-01 0.649918765E-01 0.702078417E-01 0.758518875E-01
 0.819595829E-01 0.885709524E-01 0.957284719E-01 0.103471205E+00 0.111819506E+00
 0.120736390E+00 0.130029410E+00 0.139132962E+00 0.147012174E+00 0.152904496E+00
 0.156452850E+00 0.157585591E+00 0.156507447E+00 0.154028192E+00 0.151153699E+00
 0.148397833E+00 0.145942032E+00 0.143828839E+00 0.142046496E+00 0.140563115E+00
 0.139341205E+00 0.138343588E+00 0.137535796E+00 0.136886939E+00 0.136369690E+00
 0.135960132E+00 0.135637432E+00 0.135383502E+00 0.135182694E+00 0.135021567E+00
 0.155971124E-03 0.293303886E-02 0.912600011E-02 0.186022390E-01 0.236061960E-01
 0.179235339E-01 0.168106575E-01 0.185793936E-01 0.198584478E-01 0.207807496E-01
 0.214426219E-01 0.219265427E-01 0.222885702E-01 0.226084255E-01 0.229749586E-01
 0.234270338E-01 0.239851754E-01 0.247097276E-01 0.255779084E-01 0.266253799E-01
 0.278724302E-01 0.293842517E-01 0.311263595E-01 0.331276357E-01 0.354100242E-01
 0.379827693E-01 0.408630446E-01 0.440656021E-01 0.476051085E-01 0.514986925E-01
 0.557654239E-01 0.604304560E-01 0.655251518E-01 0.710886195E-01 0.771704987E-01
 0.838346854E-01 0.911652595E-01 0.992754400E-01 0.108320571E+00 0.118518829E+00
 0.130190119E+00 0.143858477E+00 0.160716593E+00 0.173632830E+00 0.182299376E+00
 0.185214028E+00 0.186904639E+00 0.178521037E+00 0.169363171E+00 0.162719011E+00
 0.157646492E+00 0.153702766E+00 0.150608778E+00 0.148169771E+00 0.146243528E+00
 0.144723073E+00 0.143525943E+00 0.142587245E+00 0.141855061E+00 0.141287208E+00
 0.140849009E+00 0.140511796E+00 0.140251637E+00 0.140048608E+00 0.139886022E+00
 0.152021355E-03 0.285665714E-02 0.887473300E-02 0.179969072E-01 0.225232225E-01
 0.151620321E-01 0.148449503E-01 0.173109490E-01 0.188222416E-01 0.198976975E-01
 0.206503067E-01 0.211742818E-01 0.215556845E-01 0.218728129E-01 0.221932903E-01
 0.225729458E-01 0.230575800E-01 0.236842893E-01 0.244831238E-01 0.254802294E-01
 0.266987532E-01 0.281565227E-01 0.298664626E-01 0.318484828E-01 0.341261700E-01
 0.366956480E-01 0.395861119E-01 0.428320728E-01 0.464245714E-01 0.503905527E-01
 0.547547042E-01 0.595428646E-01 0.647897944E-01 0.705376342E-01 0.768426657E-01
 0.837744027E-01 0.914263055E-01 0.999354944E-01 0.109504007E+00 0.120428957E+00
 0.133164763E+00 0.148411751E+00 0.167086989E+00 0.181587085E+00 0.191140100E+00
 0.194466978E+00 0.195441023E+00 0.186129421E+00 0.175480008E+00 0.167716920E+00
 0.162009612E+00 0.157738730E+00 0.154499382E+00 0.152023017E+00 0.150124401E+00
 0.148670554E+00 0.147562534E+00 0.146724626E+00 0.146097392E+00 0.145633355E+00
 0.145294085E+00 0.145048097E+00 0.144869566E+00 0.144737139E+00 0.144633293E+00
 0.158826340E-03 0.298832264E-02 0.930794515E-02 0.189822111E-01 0.240701772E-01
 0.158016160E-01 0.167340189E-01 0.191967823E-01 0.201746803E-01 0.207221080E-01
 0.210186616E-01 0.211476106E-01 0.211774744E-01 0.211878959E-01 0.212392434E-01
 0.213811733E-01 0.216565970E-01 0.221035779E-01 0.227559675E-01 0.236425772E-01
 0.247833580E-01 0.261791851E-01 0.278419107E-01 0.297853965E-01 0.320247002E-01
 0.345754921E-01 0.374557450E-01 0.406812504E-01 0.442626849E-01 0.482350215E-01
 0.526179671E-01 0.574111566E-01 0.626737103E-01 0.684289187E-01 0.747117624E-01
 0.816048384E-01 0.890963301E-01 0.972784758E-01 0.106325679E+00 0.116363533E+00
 0.127580836E+00 0.140193745E+00 0.154263288E+00 0.165736780E+00 0.173795059E+00
 0.177820608E+00 0.179004997E+00 0.174805731E+00 0.168889165E+00 0.164088428E+00
 0.160307035E+00 0.157362312E+00 0.155091956E+00 0.153361559E+00 0.152061939E+00
 0.151104644E+00 0.150417656E+00 0.149942011E+00 0.149628982E+00 0.149438173E+00
 0.149335921E+00 0.149294227E+00 0.149289817E+00 0.149303481E+00 0.149319559E+00
 0.172500062E-03 0.325516937E-02 0.102133118E-01 0.210991092E-01 0.287994780E-01
 0.269021653E-01 0.249370281E-01 0.238441527E-01 0.231911447E-01 0.226608496E-01
 0.221261177E-01 0.215375442E-01 0.208664145E-01 0.203229394E-01 0.199175291E-01
 0.196723100E-01 0.196163170E-01 0.197835118E-01 0.202126671E-01 0.209493488E-01
 0.220514890E-01 0.233761687E-01 0.249705631E-01 0.268481970E-01 0.290284734E-01
 0.315296948E-01 0.343670473E-01 0.375552885E-01 0.411094613E-01 0.450451821E-01
 0.493774340E-01 0.541215092E-01 0.592951886E-01 0.649053678E-01 0.709474161E-01
 0.774822161E-01 0.844938010E-01 0.920054317E-01 0.100045517E+00 0.108480163E+00
 0.117339097E+00 0.126346648E+00 0.135039717E+00 0.142782733E+00 0.149023756E+00
 0.153456032E+00 0.156015947E+00 0.156904474E+00 0.156629562E+00 0.155803800E+00
 0.154851139E+00 0.153986052E+00 0.153296143E+00 0.152803838E+00 0.152499944E+00
 0.152360991E+00 0.152357891E+00 0.152460575E+00 0.152640164E+00 0.152870119E+00
 0.153126791E+00 0.153389633E+00 0.153641149E+00 0.153866842E+00 0.154055059E+00
 0.184722812E-03 0.348864193E-02 0.109623661E-01 0.226695929E-01 0.314508975E-01
 0.304873884E-01 0.287358724E-01 0.271643922E-01 0.257717445E-01 0.244994052E-01
 0.232808888E-01 0.220634807E-01 0.208084621E-01 0.197322052E-01 0.188414138E-01
 0.181512740E-01 0.176837761E-01 0.174662042E-01 0.175296795E-01 0.179072749E-01
 0.186305661E-01 0.197218712E-01 0.212304350E-01 0.229995977E-01 0.250829179E-01
 0.275089517E-01 0.302799791E-01 0.334068015E-01 0.369005837E-01 0.407733880E-01
 0.450377353E-01 0.497063808E-01 0.547905564E-01 0.602880046E-01 0.661265329E-01
 0.722078457E-01 0.785914510E-01 0.853000060E-01 0.923000127E-01 0.995221436E-01
 0.106850907E+00 0.114081234E+00 0.121010423E+00 0.127364010E+00 0.132901028E+00
 0.137533873E+00 0.141207427E+00 0.143991396E+00 0.146042213E+00 0.147557884E+00
 0.148726985E+00 0.149696738E+00 0.150566816E+00 0.151396826E+00 0.152217120E+00
 0.153038472E+00 0.153859273E+00 0.154670671E+00 0.155460030E+00 0.156213269E+00
 0.156916484E+00 0.157556891E+00 0.158123538E+00 0.158607602E+00 0.159002587E+00
 0.191975822E-03 0.362396147E-02 0.113735180E-01 0.235303696E-01 0.326603055E-01
 0.320545398E-01 0.304720774E-01 0.288532376E-01 0.272322744E-01 0.256128572E-01
 0.239813123E-01 0.223193280E-01 0.206080265E-01 0.190759618E-01 0.177362654E-01
 0.166061446E-01 0.157070179E-01 0.150641035E-01 0.147055676E-01 0.146612618E-01
 0.149609772E-01 0.156323519E-01 0.166994259E-01 0.181725640E-01 0.200810414E-01
 0.224643238E-01 0.251633301E-01 0.282202698E-01 0.316403247E-01 0.354342386E-01
 0.396116935E-01 0.441840813E-01 0.491676703E-01 0.545881912E-01 0.603735149E-01
 0.662003532E-01 0.720232874E-01 0.780760422E-01 0.843515471E-01 0.907747671E-01
 0.972501859E-01 0.103662886E+00 0.109886579E+00 0.115791261E+00 0.121288173E+00
 0.126241684E+00 0.130610466E+00 0.134461343E+00 0.137822494E+00 0.140787363E+00
 0.143431798E+00 0.145823836E+00 0.148019522E+00 0.150059909E+00 0.151971519E+00
 0.153768510E+00 0.155455679E+00 0.157031268E+00 0.158489525E+00 0.159822658E+00
 0.161022544E+00 0.162081897E+00 0.162995055E+00 0.163758546E+00 0.164371312E+00
 0.195525514E-03 0.368949282E-02 0.115681617E-01 0.238269772E-01 0.332133733E-01
 0.327449813E-01 0.312350374E-01 0.295945555E-01 0.278629158E-01 0.260471366E-01
 0.241481140E-01 0.221670903E-01 0.201015454E-01 0.181916393E-01 0.164574180E-01
 0.149202878E-01 0.136040039E-01 0.125349220E-01 0.117417760E-01 0.112551348E-01
 0.111066308E-01 0.113280602E-01 0.119504845E-01 0.130032795E-01 0.145151559E-01
 0.165098421E-01 0.189964753E-01 0.220007878E-01 0.253397580E-01 0.290517937E-01
 0.331339575E-01 0.375878513E-01 0.424102992E-01 0.475923605E-01 0.531151816E-01
 0.589334033E-01 0.650920272E-01 0.705893189E-01 0.764374733E-01 0.824712589E-01
 0.885840058E-01 0.946896151E-01 0.100706182E+00 0.106557533E+00 0.112177417E+00
 0.117514856E+00 0.122539744E+00 0.127211928E+00 0.131542474E+00 0.135594934E+00
 0.139385119E+00 0.142936200E+00 0.146269009E+00 0.149399236E+00 0.152336314E+00
 0.155083477E+00 0.157638744E+00 0.159996375E+00 0.162148640E+00 0.164087281E+00
 0.165805057E+00 0.167296827E+00 0.168560341E+00 0.169596747E+00 0.170410588E+00
 0.197001573E-03 0.371653610E-02 0.116469814E-01 0.240070242E-01 0.334438570E-01
 0.329875052E-01 0.314729251E-01 0.297832042E-01 0.279616881E-01 0.259837657E-01
 0.238645803E-01 0.216177069E-01 0.192639884E-01 0.170388129E-01 0.149624012E-01
 0.130585534E-01 0.113536837E-01 0.987647288E-02 0.865765754E-02 0.772975432E-02
 0.712670339E-02 0.688339490E-02 0.703511108E-02 0.761683146E-02 0.866230298E-02
 0.102021908E-01 0.122614531E-01 0.148570780E-01 0.179877654E-01 0.216652658E-01
 0.256767571E-01 0.300519019E-01 0.347722359E-01 0.398203284E-01 0.451689884E-01
 0.507782623E-01 0.565877184E-01 0.625518113E-01 0.684869811E-01 0.745062679E-01
 0.805992708E-01 0.867279470E-01 0.928414688E-01 0.988899842E-01 0.104828469E+00
 0.110619068E+00 0.116232179E+00 0.121647343E+00 0.126854509E+00 0.131851420E+00
 0.136649892E+00 0.141242310E+00 0.145621851E+00 0.149782509E+00 0.153714612E+00
 0.157404944E+00 0.160837576E+00 0.163995191E+00 0.166860878E+00 0.169419765E+00
 0.171660677E+00 0.173577413E+00 0.175169572E+00 0.176442772E+00 0.177408338E+00
 0.197385962E-03 0.372336898E-02 0.116652427E-01 0.240217056E-01 0.334908180E-01
 0.329868197E-01 0.314258523E-01 0.296844263E-01 0.277337600E-01 0.255781300E-01
 0.232206602E-01 0.206576250E-01 0.181171838E-01 0.156443268E-01 0.132755954E-01
 0.110440124E-01 0.898164604E-02 0.712095760E-02 0.549546210E-02 0.413997518E-02
 0.309059210E-02 0.238448195E-02 0.205953093E-02 0.215383666E-02 0.270499266E-02
 0.374903367E-02 0.531894574E-02 0.744258985E-02 0.101395426E-01 0.134178409E-01
 0.172617976E-01 0.216628499E-01 0.263763815E-01 0.314211734E-01 0.367649868E-01
 0.423779190E-01 0.482258648E-01 0.542759523E-01 0.604922809E-01 0.667979494E-01
 0.731048957E-01 0.794625953E-01 0.858713537E-01 0.922885686E-01 0.986811519E-01
 0.105021603E+00 0.111286007E+00 0.117453530E+00 0.123505943E+00 0.129426375E+00
 0.135197490E+00 0.140811354E+00 0.146237269E+00 0.151445717E+00 0.156406507E+00
 0.161085710E+00 0.165447146E+00 0.169454455E+00 0.173073784E+00 0.176276684E+00
 0.179042757E+00 0.181361631E+00 0.183234081E+00 0.184671938E+00 0.185696974E+00
 0.197204907E-03 0.371975102E-02 0.116522741E-01 0.239708945E-01 0.334088467E-01
 0.328820609E-01 0.312714614E-01 0.294195954E-01 0.273258723E-01 0.249952357E-01
 0.224320702E-01 0.196386501E-01 0.168619510E-01 0.141326459E-01 0.114819258E-01
 0.894146785E-02 0.654374342E-02 0.432234537E-02 0.231220620E-02 0.549667340E-03
-0.927590590E-03-0.208074320E-02-0.287011801E-02-0.325558102E-02-0.319702039E-02
-0.265496876E-02-0.159143866E-02 0.288857791E-04 0.223686919E-02 0.505626807E-02
 0.849954132E-02 0.125630675E-01 0.172125027E-01 0.224109292E-01 0.278944988E-01
 0.336741731E-01 0.397151262E-01 0.459874310E-01 0.524617024E-01 0.591001995E-01
 0.658488050E-01 0.726668835E-01 0.795255527E-01 0.864256620E-01 0.933681875E-01
 0.100339800E+00 0.107322104E+00 0.114295296E+00 0.121238299E+00 0.128127962E+00
 0.134938091E+00 0.141639531E+00 0.148194268E+00 0.154552922E+00 0.160660639E+00
 0.166456282E+00 0.171873853E+00 0.176846221E+00 0.181310132E+00 0.185212091E+00
 0.188513979E+00 0.191197276E+00 0.193265066E+00 0.194741234E+00 0.195667341E+00
 0.196736306E-03 0.371082779E-02 0.116235027E-01 0.239909869E-01 0.332707614E-01
 0.326984525E-01 0.310078133E-01 0.290361345E-01 0.267912578E-01 0.242808815E-01
 0.215154197E-01 0.185150485E-01 0.155178839E-01 0.125480341E-01 0.963347685E-02
 0.680465065E-02 0.409393711E-02 0.153549749E-02-0.834782259E-03-0.297938357E-02
-0.485932035E-02-0.643438892E-02-0.766348280E-02-0.850494858E-02-0.891695730E-02
-0.885789283E-02-0.828677416E-02-0.716380496E-02-0.545119541E-02-0.311452406E-02
-0.125012550E-03 0.353679690E-02 0.787507556E-02 0.128711928E-01 0.184651539E-01
 0.245732591E-01 0.309420731E-01 0.375609100E-01 0.444191694E-01 0.515066274E-01
 0.588335581E-01 0.664721504E-01 0.736185387E-01 0.810349807E-01 0.885910690E-01
 0.962622985E-01 0.104032099E+00 0.111883156E+00 0.119795911E+00 0.127746865E+00
 0.135706529E+00 0.143638372E+00 0.151493520E+00 0.159204751E+00 0.166690797E+00
 0.173854098E+00 0.180582717E+00 0.186756268E+00 0.192256197E+00 0.196979061E+00
 0.200850576E+00 0.203836560E+00 0.205947608E+00 0.207236141E+00 0.207786933E+00
 0.196108303E-03 0.369897508E-02 0.115862647E-01 0.238307714E-01 0.331383012E-01
 0.325033888E-01 0.306917541E-01 0.285795648E-01 0.261648744E-01 0.234437212E-01
 0.204069130E-01 0.172804259E-01 0.141088273E-01 0.109291701E-01 0.777556514E-02
 0.468153693E-02 0.168127916E-02-0.118969369E-02-0.389425107E-02-0.639359886E-02
-0.864741486E-02-0.106141185E-01-0.122512225E-01-0.135157183E-01-0.143644344E-01
-0.147543298E-01-0.146427071E-01-0.139873577E-01-0.127467327E-01-0.108803110E-01
-0.834945310E-02-0.511917006E-02-0.116139278E-02 0.353957550E-02 0.897845719E-02
 0.151182897E-01 0.218706895E-01 0.288920738E-01 0.361978523E-01 0.437668078E-01
 0.515867807E-01 0.596771389E-01 0.679047182E-01 0.758216456E-01 0.840539709E-01
 0.924869031E-01 0.101107903E+00 0.109907895E+00 0.118875951E+00 0.127997085E+00
 0.137249097E+00 0.146601066E+00 0.156005457E+00 0.165384233E+00 0.174632981E+00
 0.183609486E+00 0.192130655E+00 0.199978203E+00 0.206917539E+00 0.212730721E+00
 0.217257053E+00 0.220427424E+00 0.222278357E+00 0.222939938E+00 0.222603500E+00
 0.195371060E-03 0.368501269E-02 0.115418211E-01 0.237617996E-01 0.329795144E-01
 0.322412960E-01 0.303311404E-01 0.280930642E-01 0.255262833E-01 0.226315428E-01
 0.194075070E-01 0.160988215E-01 0.127349906E-01 0.934639852E-02 0.596432760E-02
 0.262129353E-02-0.648584799E-03-0.380931864E-02-0.682293158E-02-0.964951143E-02
-0.122474274E-01-0.145736812E-01-0.165843461E-01-0.182350483E-01-0.194813851E-01
-0.202792548E-01-0.205850061E-01-0.203554053E-01-0.195474215E-01-0.181179922E-01
-0.160239208E-01-0.132223452E-01-0.967229996E-02-0.533824135E-02-0.196713969E-03
 0.575227104E-02 0.124668144E-01 0.198361482E-01 0.276874192E-01 0.357968956E-01
 0.441638753E-01 0.527892448E-01 0.617182329E-01 0.705724508E-01 0.794829056E-01
 0.887104347E-01 0.982187763E-01 0.108009219E+00 0.118088201E+00 0.128461942E+00
 0.139133200E+00 0.150097162E+00 0.161332369E+00 0.172787681E+00 0.184366077E+00
 0.195899054E+00 0.207116440E+00 0.217624784E+00 0.226921588E+00 0.234476700E+00
 0.239873871E+00 0.242945418E+00 0.243826002E+00 0.242896438E+00 0.240648881E+00
 0.194607070E-03 0.367059652E-02 0.114965094E-01 0.236716941E-01 0.328196026E-01
 0.320004560E-01 0.299735218E-01 0.276009366E-01 0.248810630E-01 0.218193792E-01
 0.184325930E-01 0.149559071E-01 0.114121046E-01 0.782791618E-02 0.423277821E-02
 0.658449659E-03-0.286100595E-02-0.628915522E-02-0.958718918E-02-0.127140535E-01
-0.156267360E-01-0.182807148E-01-0.206304975E-01-0.226302315E-01-0.242342558E-01
-0.253975261E-01-0.260758270E-01-0.262257047E-01-0.258040819E-01-0.247676466E-01
-0.230721254E-01-0.206717495E-01-0.175193697E-01-0.135679301E-01-0.877429824E-02
-0.310680247E-02 0.344195520E-02 0.108357007E-01 0.189685691E-01 0.276260823E-01
 0.365446843E-01 0.457261018E-01 0.551670790E-01 0.648586899E-01 0.746149570E-01
 0.846434459E-01 0.950221121E-01 0.105776802E+00 0.116942339E+00 0.128558189E+00
 0.140667036E+00 0.153318226E+00 0.166571155E+00 0.180462986E+00 0.195014775E+00
 0.210169598E+00 0.225704879E+00 0.241065860E+00 0.255143791E+00 0.266330808E+00
 0.273234934E+00 0.275342792E+00 0.273194402E+00 0.268200099E+00 0.261871487E+00
 0.193855434E-03 0.365638803E-02 0.114518553E-01 0.235498659E-01 0.326450244E-01
 0.317571312E-01 0.296169817E-01 0.271038897E-01 0.242079366E-01 0.209152345E-01
 0.174477864E-01 0.138486046E-01 0.101534259E-01 0.639510807E-02 0.260604685E-02
-0.118042657E-02-0.492918771E-02-0.860282499E-02-0.121614290E-01-0.155626433E-01
-0.187619496E-01-0.217131656E-01-0.243690982E-01-0.266822763E-01-0.286056716E-01
-0.300932825E-01-0.311004799E-01-0.315839984E-01-0.315015242E-01-0.308108851E-01
-0.294689182E-01-0.274302270E-01-0.246461816E-01-0.210647602E-01-0.166320503E-01
-0.112966588E-01-0.501873903E-02 0.221423712E-02 0.103625143E-01 0.192978308E-01
 0.287578460E-01 0.384838320E-01 0.484866314E-01 0.587777495E-01 0.693328828E-01
 0.800787136E-01 0.912081078E-01 0.102792270E+00 0.114892766E+00 0.127587289E+00
 0.140965298E+00 0.155105963E+00 0.170149028E+00 0.186354637E+00 0.204012126E+00
 0.223471165E+00 0.245169654E+00 0.269615203E+00 0.297057599E+00 0.318511784E+00
 0.329626679E+00 0.328058898E+00 0.313945532E+00 0.297297299E+00 0.283182234E+00
 0.193145199E-03 0.364294485E-02 0.114092426E-01 0.235386193E-01 0.324803106E-01
 0.314915068E-01 0.292835310E-01 0.266622845E-01 0.236366335E-01 0.202014185E-01
 0.165983867E-01 0.128574306E-01 0.900884066E-02 0.508328155E-02 0.111235003E-02
-0.287075457E-02-0.683063548E-02-0.107292756E-01-0.145258419E-01-0.181767456E-01
-0.216359682E-01-0.248556212E-01-0.277867224E-01-0.303800758E-01-0.325871818E-01
-0.343610123E-01-0.356565304E-01-0.364308357E-01-0.366428047E-01-0.362521969E-01
-0.352183096E-01-0.334982574E-01-0.310451817E-01-0.278068986E-01-0.237256121E-01
-0.187398344E-01-0.127900289E-01-0.583018595E-02 0.215187483E-02 0.111025283E-01
 0.208570529E-01 0.310836006E-01 0.415764265E-01 0.523661263E-01 0.634674206E-01
 0.748424381E-01 0.865343511E-01 0.987068564E-01 0.111443639E+00 0.124840058E+00
 0.139024243E+00 0.154057786E+00 0.170074746E+00 0.187565893E+00 0.206989408E+00
 0.229023442E+00 0.254745066E+00 0.285906941E+00 0.325068146E+00 0.355397552E+00
 0.371668309E+00 0.366477430E+00 0.340369105E+00 0.313952923E+00 0.294324517E+00
 0.192522974E-03 0.363126723E-02 0.113730021E-01 0.233907979E-01 0.323850028E-01
 0.313323922E-01 0.290120319E-01 0.262865927E-01 0.231488813E-01 0.195922554E-01
 0.158610176E-01 0.119837848E-01 0.798925105E-02 0.390680553E-02-0.232788749E-03
-0.439673802E-02-0.854964834E-02-0.126531171E-01-0.166655462E-01-0.205422230E-01
-0.242356770E-01-0.276963320E-01-0.308733899E-01-0.337158740E-01-0.361737311E-01
-0.381988324E-01-0.397456996E-01-0.407718234E-01-0.412374474E-01-0.411046818E-01
-0.403360464E-01-0.388924703E-01-0.367309712E-01-0.338024460E-01-0.300500840E-01
-0.254093446E-01-0.198107734E-01-0.131876320E-01-0.549096288E-02 0.328465784E-02
 0.130617525E-01 0.236266889E-01 0.344749764E-01 0.456147529E-01 0.570605882E-01
 0.688073188E-01 0.808833092E-01 0.933886096E-01 0.106404424E+00 0.120017372E+00
 0.134334490E+00 0.149393007E+00 0.165294439E+00 0.182439253E+00 0.201163277E+00
 0.221908361E+00 0.245299473E+00 0.272274882E+00 0.304774433E+00 0.329803616E+00
 0.346588761E+00 0.342631400E+00 0.322159976E+00 0.302414209E+00 0.286949784E+00
 0.191972766E-03 0.362089090E-02 0.113403369E-01 0.233377665E-01 0.322937891E-01
 0.311526433E-01 0.287649892E-01 0.259592179E-01 0.227281936E-01 0.190669410E-01
 0.152218631E-01 0.112216985E-01 0.709479442E-02 0.287005818E-02-0.142216694E-02
-0.574931875E-02-0.100759678E-01-0.143633587E-01-0.185691938E-01-0.226477012E-01
-0.265500341E-01-0.302249696E-01-0.336199142E-01-0.366821103E-01-0.393599197E-01
-0.416040532E-01-0.433685370E-01-0.446112230E-01-0.452937335E-01-0.453806669E-01
-0.448381230E-01-0.436315015E-01-0.417229123E-01-0.390683524E-01-0.356152356E-01
-0.313010253E-01-0.260539893E-01-0.197978970E-01-0.124630583E-01-0.400717417E-02
 0.554989465E-02 0.160738584E-01 0.272463560E-01 0.386572406E-01 0.503200553E-01
 0.622551478E-01 0.744924769E-01 0.870726183E-01 0.100043692E+00 0.113457471E+00
 0.127357200E+00 0.141743183E+00 0.156659752E+00 0.172253996E+00 0.188613370E+00
 0.205738038E+00 0.223468989E+00 0.241283566E+00 0.257921249E+00 0.271290809E+00
 0.279568285E+00 0.282114148E+00 0.279616266E+00 0.273974538E+00 0.267131805E+00
 0.191505169E-03 0.361207873E-02 0.113127204E-01 0.233007949E-01 0.321962796E-01
 0.310045797E-01 0.285576154E-01 0.256817993E-01 0.223704837E-01 0.186191387E-01
 0.146753248E-01 0.105677964E-01 0.632474525E-02 0.197484437E-02-0.245177490E-02
-0.692264736E-02-0.114022465E-01-0.158514604E-01-0.202273298E-01-0.244830959E-01
-0.285686143E-01-0.324311070E-01-0.360162631E-01-0.392695926E-01-0.421379022E-01
-0.445707329E-01-0.465215631E-01-0.479485318E-01-0.488145500E-01-0.490866490E-01
-0.487344936E-01-0.477281585E-01-0.460352749E-01-0.436178856E-01-0.404293425E-01
-0.364119820E-01-0.314963907E-01-0.256037600E-01-0.186534394E-01-0.105787590E-01
-0.135514897E-02 0.895530079E-02 0.201409962E-01 0.317657553E-01 0.435700081E-01
 0.555732436E-01 0.677936599E-01 0.802501217E-01 0.929621533E-01 0.105951123E+00
 0.119263113E+00 0.132804111E+00 0.146228567E+00 0.159985676E+00 0.173898727E+00
 0.187792212E+00 0.201379508E+00 0.214220166E+00 0.225722358E+00 0.235237613E+00
 0.242247194E+00 0.246543571E+00 0.248301640E+00 0.248002514E+00 0.246249452E+00
 0.191120838E-03 0.360485842E-02 0.112903360E-01 0.232154187E-01 0.321117789E-01
 0.308933780E-01 0.283911787E-01 0.254532695E-01 0.220735613E-01 0.182462912E-01
 0.142192235E-01 0.100208744E-01 0.567924557E-02 0.122282770E-02-0.331838755E-02
-0.791197829E-02-0.125222988E-01-0.171099026E-01-0.216312278E-01-0.260386281E-01
-0.302807856E-01-0.343035012E-01-0.380508937E-01-0.414668582E-01-0.444967411E-01
-0.470889620E-01-0.491964184E-01-0.507774539E-01-0.517961159E-01-0.522216409E-01
-0.520270243E-01-0.511867665E-01-0.496739112E-01-0.474566370E-01-0.444947891E-01
-0.407368280E-01-0.361180902E-01-0.305613726E-01-0.239817929E-01-0.162984692E-01
-0.745677715E-02 0.253443816E-02 0.135472370E-01 0.252619646E-01 0.371180475E-01
 0.491060838E-01 0.612238310E-01 0.734705105E-01 0.858427286E-01 0.983278751E-01
 0.110882737E+00 0.123395920E+00 0.135786325E+00 0.148060381E+00 0.160151705E+00
 0.171913728E+00 0.183142021E+00 0.193585485E+00 0.202968165E+00 0.211029306E+00
 0.217574507E+00 0.222519904E+00 0.225910231E+00 0.227902636E+00 0.228724658E+00
 0.190804232E-03 0.359885301E-02 0.112711983E-01 0.232388042E-01 0.320268087E-01
 0.307661798E-01 0.282448120E-01 0.252659470E-01 0.218342971E-01 0.179468747E-01
 0.138528710E-01 0.958101638E-02 0.515928306E-02 0.616055215E-03-0.401877472E-02
-0.871281046E-02-0.134303048E-01-0.181315225E-01-0.227723960E-01-0.273045208E-01
-0.316755772E-01-0.358301438E-01-0.397109687E-01-0.432605445E-01-0.464229099E-01
-0.491454639E-01-0.513805635E-01-0.530866608E-01-0.542287454E-01-0.547779314E-01
-0.547101051E-01-0.540036708E-01-0.526365265E-01-0.505825020E-01-0.478076041E-01
-0.442665853E-01-0.399004333E-01-0.346358307E-01-0.283881295E-01-0.210701004E-01
-0.126099987E-01-0.298332772E-02 0.773702422E-02 0.193103291E-01 0.312441569E-01
 0.432119071E-01 0.552148595E-01 0.672476888E-01 0.792993233E-01 0.913550928E-01
 0.103408106E+00 0.115242317E+00 0.126590163E+00 0.137759268E+00 0.148634523E+00
 0.159091890E+00 0.168996662E+00 0.178204671E+00 0.186573088E+00 0.193976343E+00
 0.200323343E+00 0.205570981E+00 0.209729955E+00 0.212860882E+00 0.215062395E+00
 0.190576655E-03 0.359459058E-02 0.112581244E-01 0.231580529E-01 0.319952779E-01
 0.307212006E-01 0.281494241E-01 0.251298472E-01 0.216559432E-01 0.177220777E-01
 0.135770449E-01 0.924924668E-02 0.476645771E-02 0.156911454E-03-0.454960810E-02
-0.932074338E-02-0.141206793E-01-0.189094674E-01-0.236426517E-01-0.282712393E-01
-0.327421166E-01-0.369988978E-01-0.409832336E-01-0.446364731E-01-0.479015894E-01
-0.507251434E-01-0.530590117E-01-0.548616983E-01-0.560989082E-01-0.567432381E-01
-0.567728989E-01-0.561694615E-01-0.549148060E-01-0.529874638E-01-0.503587052E-01
-0.469888300E-01-0.428241827E-01-0.377958491E-01-0.318212770E-01-0.248109270E-01
-0.166829769E-01-0.739031564E-02 0.303542870E-02 0.144195631E-01 0.263632536E-01
 0.382819660E-01 0.501699559E-01 0.620145276E-01 0.737967938E-01 0.854904205E-01
 0.970491171E-01 0.108296752E+00 0.119099475E+00 0.129577085E+00 0.139694229E+00
 0.149372011E+00 0.158523589E+00 0.167061001E+00 0.174901560E+00 0.181975037E+00
 0.188230574E+00 0.193641797E+00 0.198209167E+00 0.201958984E+00 0.204939380E+00
 0.190420833E-03 0.359164621E-02 0.112488354E-01 0.231436510E-01 0.319586582E-01
 0.306699369E-01 0.280791968E-01 0.250369329E-01 0.215361901E-01 0.175716020E-01
 0.133923320E-01 0.902675185E-02 0.450254697E-02-0.152153822E-03-0.490765646E-02
-0.973164849E-02-0.145882852E-01-0.194374919E-01-0.242345557E-01-0.289300885E-01
-0.334704369E-01-0.377985351E-01-0.418552682E-01-0.455811843E-01-0.489184894E-01
-0.518131256E-01-0.542166196E-01-0.560874902E-01-0.573919304E-01-0.581035912E-01
-0.582023300E-01-0.576720051E-01-0.564973876E-01-0.546604805E-01-0.521364883E-01
-0.488899536E-01-0.448715053E-01-0.400160514E-01-0.342435576E-01-0.274642576E-01
-0.195910260E-01-0.105627812E-01-0.383475446E-03 0.108198058E-01 0.227217041E-01
 0.345867425E-01 0.463845953E-01 0.580910370E-01 0.696812272E-01 0.811243206E-01
 0.923652202E-01 0.103247784E+00 0.113667652E+00 0.123713501E+00 0.133375272E+00
 0.142599478E+00 0.151325911E+00 0.159495294E+00 0.167053506E+00 0.173955321E+00
 0.180167615E+00 0.185671836E+00 0.190465137E+00 0.194560200E+00 0.197983637E+00
 0.190341627E-03 0.359013746E-02 0.112439394E-01 0.231697466E-01 0.319123529E-01
 0.306326766E-01 0.280405153E-01 0.249897037E-01 0.214762948E-01 0.174964480E-01
 0.132998545E-01 0.891494751E-02 0.436936831E-02-0.308827934E-03-0.509001967E-02
-0.994194578E-02-0.148287751E-01-0.197103899E-01-0.245419685E-01-0.292739347E-01
-0.338523649E-01-0.382198505E-01-0.423168764E-01-0.460835509E-01-0.494616851E-01
-0.523968749E-01-0.548404530E-01-0.567509383E-01-0.580947995E-01-0.588462614E-01
-0.589861125E-01-0.584995188E-01-0.573729202E-01-0.555903465E-01-0.531293564E-01
-0.499570929E-01-0.460269116E-01-0.412763655E-01-0.356275961E-01-0.289918948E-01
-0.212810934E-01-0.124295512E-01-0.243151677E-02 0.860178657E-02 0.203651916E-01
 0.322740674E-01 0.440520458E-01 0.556909852E-01 0.671753138E-01 0.784877464E-01
 0.896379352E-01 0.100414805E+00 0.110445373E+00 0.120225906E+00 0.129639030E+00
 0.138624087E+00 0.147130832E+00 0.155113131E+00 0.162529841E+00 0.169346824E+00
 0.175538838E+00 0.181090936E+00 0.185999215E+00 0.190270841E+00 0.193923354E+00
 0.190349951E-03 0.359032978E-02 0.112448381E-01 0.231212452E-01 0.319131166E-01
 0.306516942E-01 0.280492269E-01 0.249935687E-01 0.214785170E-01 0.174980182E-01
 0.133008976E-01 0.891526137E-02 0.436860323E-02-0.311112148E-03-0.509433076E-02
-0.994885061E-02-0.148388930E-01-0.197243895E-01-0.245605540E-01-0.292978399E-01
-0.338823386E-01-0.382566415E-01-0.423612148E-01-0.461361557E-01-0.495232269E-01
-0.524679981E-01-0.549217835E-01-0.568431057E-01-0.581984781E-01-0.589622296E-01
-0.591153242E-01-0.586431883E-01-0.575326271E-01-0.557681434E-01-0.533278845E-01
-0.501797013E-01-0.462777577E-01-0.415604748E-01-0.359508507E-01-0.293608606E-01
-0.217025634E-01-0.129095921E-01-0.297368737E-02 0.799965579E-02 0.197167471E-01
 0.316151008E-01 0.433715060E-01 0.549759641E-01 0.664112419E-01 0.776486546E-01
 0.886276141E-01 0.992243886E-01 0.109367110E+00 0.119102903E+00 0.128440931E+00
 0.137348667E+00 0.145783991E+00 0.153705537E+00 0.161076054E+00 0.167864636E+00
 0.174048215E+00 0.179612905E+00 0.184554547E+00 0.188878790E+00 0.192600578E+00
 0.190427367E-03 0.359175866E-02 0.112489769E-01 0.231799763E-01 0.319293439E-01
 0.306583289E-01 0.280776899E-01 0.250398219E-01 0.215406790E-01 0.175763648E-01
 0.133963367E-01 0.902893022E-02 0.450169528E-02-0.157406204E-03-0.491885189E-02
-0.975049660E-02-0.146166515E-01-0.194773804E-01-0.242880825E-01-0.289994534E-01
-0.335578769E-01-0.379063040E-01-0.419855639E-01-0.457361303E-01-0.491001159E-01
-0.520233661E-01-0.544573478E-01-0.563605912E-01-0.576994233E-01-0.584477931E-01
-0.585860759E-01-0.580988936E-01-0.569720902E-01-0.551890470E-01-0.527266897E-01
-0.495515987E-01-0.456167124E-01-0.408593714E-01-0.352018550E-01-0.285560843E-01
-0.208352357E-01-0.119759543E-01-0.197593006E-02 0.904904027E-02 0.207887515E-01
 0.326550230E-01 0.443939753E-01 0.559961982E-01 0.674454868E-01 0.787239298E-01
 0.898393616E-01 0.100586541E+00 0.110604152E+00 0.120369501E+00 0.129768014E+00
 0.138739645E+00 0.147234231E+00 0.155205593E+00 0.162612453E+00 0.169420555E+00
 0.175604522E+00 0.181149304E+00 0.186050892E+00 0.190316424E+00 0.193963304E+00
 0.190597653E-03 0.359499292E-02 0.112592671E-01 0.231649857E-01 0.319946185E-01
 0.307243355E-01 0.281558856E-01 0.251392685E-01 0.216671191E-01 0.177337695E-01
 0.135878241E-01 0.925741717E-02 0.477002747E-02 0.153585657E-03-0.456241751E-02
-0.934590213E-02-0.141613092E-01-0.189689174E-01-0.237244498E-01-0.283790529E-01
-0.328796767E-01-0.371699408E-01-0.411914252E-01-0.448853523E-01-0.481945388E-01
-0.510653779E-01-0.534496494E-01-0.553058721E-01-0.565999597E-01-0.573049858E-01
-0.573999733E-01-0.568677299E-01-0.556918196E-01-0.538529754E-01-0.513251685E-01
-0.480718538E-01-0.440428630E-01-0.391727872E-01-0.333820246E-01-0.265823361E-01
-0.186897367E-01-0.964852143E-02 0.529071898E-03 0.117042912E-01 0.235370286E-01
 0.353296623E-01 0.470550843E-01 0.586907826E-01 0.702129155E-01 0.815913603E-01
 0.927721858E-01 0.103603587E+00 0.113983318E+00 0.123994976E+00 0.133626565E+00
 0.142824009E+00 0.151526660E+00 0.159674808E+00 0.167214006E+00 0.174098656E+00
 0.180295378E+00 0.185785413E+00 0.190565735E+00 0.194648862E+00 0.198061317E+00
 0.190852181E-03 0.359980459E-02 0.112743825E-01 0.231913254E-01 0.320513807E-01
 0.308058746E-01 0.282682218E-01 0.252877939E-01 0.218574964E-01 0.179711897E-01
 0.138767604E-01 0.960221607E-02 0.517499167E-02 0.623014348E-03-0.402424159E-02
-0.873476360E-02-0.134731513E-01-0.181999747E-01-0.228714123E-01-0.274392404E-01
-0.318512246E-01-0.360519513E-01-0.399840623E-01-0.435898826E-01-0.468132272E-01
-0.496012717E-01-0.519062243E-01-0.536865406E-01-0.549074709E-01-0.555407405E-01
-0.555633083E-01-0.549551845E-01-0.536964685E-01-0.517638326E-01-0.491267703E-01
-0.457440279E-01-0.415608957E-01-0.365081877E-01-0.305043031E-01-0.234624520E-01
-0.153061803E-01-0.599726848E-02 0.441936031E-02 0.157510471E-01 0.275773779E-01
 0.393802486E-01 0.511553921E-01 0.628912672E-01 0.745700821E-01 0.861666128E-01
 0.976360366E-01 0.108807661E+00 0.119550630E+00 0.129977718E+00 0.140051231E+00
 0.149691045E+00 0.158809260E+00 0.167316973E+00 0.175130859E+00 0.182180166E+00
 0.188413650E+00 0.193804637E+00 0.198353380E+00 0.202086017E+00 0.205050528E+00
 0.191189494E-03 0.360613666E-02 0.112938918E-01 0.232851468E-01 0.321044885E-01
 0.308826789E-01 0.284095351E-01 0.254848171E-01 0.221130177E-01 0.182905477E-01
 0.142652960E-01 0.100654187E-01 0.571841234E-02 0.125224981E-02-0.330357533E-02
-0.791710336E-02-0.125531107E-01-0.171725191E-01-0.217320658E-01-0.261843260E-01
-0.304780826E-01-0.345591418E-01-0.383714885E-01-0.418588109E-01-0.449661613E-01
-0.476416647E-01-0.498380251E-01-0.515135489E-01-0.526325703E-01-0.531650148E-01
-0.530851074E-01-0.523692071E-01-0.509929135E-01-0.489276759E-01-0.461372659E-01
-0.425745659E-01-0.381794423E-01-0.328786299E-01-0.265893545E-01-0.192290060E-01
-0.107343169E-01-0.109435979E-02 0.959869754E-02 0.210808162E-01 0.328397527E-01
 0.446425155E-01 0.564879291E-01 0.683701336E-01 0.802787393E-01 0.922008008E-01
 0.104131550E+00 0.115863875E+00 0.127138227E+00 0.138246387E+00 0.149070486E+00
 0.159483820E+00 0.169349685E+00 0.178522617E+00 0.186859012E+00 0.194232836E+00
 0.200552613E+00 0.205775008E+00 0.209910572E+00 0.213019744E+00 0.215201050E+00
 0.191632629E-03 0.361452508E-02 0.113204718E-01 0.232770573E-01 0.322155729E-01
 0.310495161E-01 0.286091734E-01 0.257416144E-01 0.224395860E-01 0.186961815E-01
 0.147572169E-01 0.106503861E-01 0.640308298E-02 0.204333127E-02-0.239930698E-02
-0.689288415E-02-0.114023481E-01-0.158890076E-01-0.203102492E-01-0.246195719E-01
-0.287669543E-01-0.326996185E-01-0.363631099E-01-0.397026651E-01-0.426647440E-01
-0.451985300E-01-0.472572111E-01-0.487988405E-01-0.497865751E-01-0.501881354E-01
-0.499744602E-01-0.491175689E-01-0.475877635E-01-0.453504622E-01-0.423629694E-01
-0.385718234E-01-0.339114852E-01-0.283055939E-01-0.216727108E-01-0.139393359E-01
-0.506397337E-02 0.492322631E-02 0.158616938E-01 0.273838006E-01 0.390372872E-01
 0.508229993E-01 0.627422109E-01 0.747950226E-01 0.869782493E-01 0.992811173E-01
 0.111669920E+00 0.124056846E+00 0.136368781E+00 0.148588911E+00 0.160634831E+00
 0.172355130E+00 0.183544189E+00 0.193950504E+00 0.203298002E+00 0.211325884E+00
 0.217839777E+00 0.222755820E+00 0.226118669E+00 0.228085399E+00 0.228883505E+00
 0.192164560E-03 0.362451631E-02 0.113514895E-01 0.233800467E-01 0.323295482E-01
 0.312049463E-01 0.288375411E-01 0.260516889E-01 0.228388924E-01 0.191927776E-01
 0.153580019E-01 0.113622844E-01 0.723327743E-02 0.299933855E-02-0.130969926E-02
-0.566178327E-02-0.100219883E-01-0.143520329E-01-0.186100248E-01-0.227504987E-01
-0.267247688E-01-0.304816235E-01-0.339683071E-01-0.371317528E-01-0.399199054E-01
-0.422830284E-01-0.441747606E-01-0.455527604E-01-0.463787690E-01-0.466179810E-01
-0.462376475E-01-0.452049933E-01-0.434846096E-01-0.410355777E-01-0.378087610E-01
-0.337449312E-01-0.287746601E-01-0.228214972E-01-0.158105157E-01-0.768527482E-02
 0.156315428E-02 0.118517969E-01 0.229460020E-01 0.342616662E-01 0.457922183E-01
 0.575416572E-01 0.695200711E-01 0.817408562E-01 0.942181647E-01 0.106964089E+00
 0.119987570E+00 0.133277357E+00 0.146789685E+00 0.160532102E+00 0.174413711E+00
 0.188270599E+00 0.201819450E+00 0.214621350E+00 0.226085365E+00 0.235563710E+00
 0.242538109E+00 0.246801317E+00 0.248528332E+00 0.248200193E+00 0.246420056E+00
 0.192805586E-03 0.363659137E-02 0.113893310E-01 0.234380756E-01 0.324627832E-01
 0.314070582E-01 0.291205440E-01 0.264290813E-01 0.233224798E-01 0.197919421E-01
 0.160782430E-01 0.122097526E-01 0.821534637E-02 0.412439369E-02-0.326484878E-04
-0.422348734E-02-0.841332227E-02-0.125643481E-01-0.166354962E-01-0.205824580E-01
-0.243580006E-01-0.279125907E-01-0.311952699E-01-0.341547206E-01-0.367403962E-01
-0.389036126E-01-0.405983664E-01-0.417817868E-01-0.424140282E-01-0.424575321E-01
-0.418756716E-01-0.406307615E-01-0.386817418E-01-0.359817781E-01-0.324763246E-01
-0.281024259E-01-0.227904879E-01-0.164701976E-01-0.908319652E-02-0.605738140E-03
 0.891500711E-02 0.193086546E-01 0.302157924E-01 0.413485281E-01 0.527348220E-01
 0.644006506E-01 0.763764754E-01 0.887000039E-01 0.101415612E+00 0.114573851E+00
 0.128231272E+00 0.142448008E+00 0.157294273E+00 0.172849491E+00 0.189171478E+00
 0.206255943E+00 0.223944336E+00 0.241715088E+00 0.258309007E+00 0.271636099E+00
 0.279873520E+00 0.282382280E+00 0.279850304E+00 0.274177045E+00 0.267304927E+00
 0.193552594E-03 0.365070766E-02 0.114338202E-01 0.235157833E-01 0.325965732E-01
 0.316522382E-01 0.294607151E-01 0.268828273E-01 0.239073802E-01 0.205185954E-01
 0.169375185E-01 0.132054584E-01 0.935646798E-02 0.542183407E-02 0.143256958E-02
-0.257910253E-02-0.657881703E-02-0.105295004E-01-0.143911066E-01-0.181206334E-01
-0.216724146E-01-0.249986723E-01-0.280502774E-01-0.307776555E-01-0.331317410E-01
-0.350648127E-01-0.365311392E-01-0.374871939E-01-0.378914550E-01-0.377035886E-01
-0.368831493E-01-0.353878587E-01-0.331716724E-01-0.301830918E-01-0.263643339E-01
-0.216522999E-01-0.159827881E-01-0.929993857E-02-0.157363503E-02 0.717211654E-02
 0.168174040E-01 0.270920377E-01 0.376366153E-01 0.484677702E-01 0.596074015E-01
 0.710670874E-01 0.828806758E-01 0.951280966E-01 0.107882835E+00 0.121227942E+00
 0.135268614E+00 0.150132209E+00 0.165990844E+00 0.183097765E+00 0.201777071E+00
 0.222473010E+00 0.245812088E+00 0.272733569E+00 0.305177718E+00 0.330154657E+00
 0.346891373E+00 0.342893541E+00 0.322388560E+00 0.302611142E+00 0.287116021E+00
 0.194380322E-03 0.366631732E-02 0.114825396E-01 0.236898772E-01 0.327383392E-01
 0.318856202E-01 0.298385136E-01 0.274122600E-01 0.246198252E-01 0.214667469E-01
 0.179679077E-01 0.143573256E-01 0.106556369E-01 0.688760448E-02 0.308096618E-02
-0.733875611E-03-0.452380907E-02-0.825289171E-02-0.118823042E-01-0.153704612E-01
-0.186733119E-01-0.217448380E-01-0.245377105E-01-0.270040389E-01-0.290961396E-01
-0.307671726E-01-0.319715776E-01-0.326651633E-01-0.328047611E-01-0.323474929E-01
-0.312495921E-01-0.294650495E-01-0.269443188E-01-0.236336291E-01-0.194756463E-01
-0.144126490E-01-0.839385297E-02-0.138902827E-02 0.658904901E-02 0.154511239E-01
 0.249868650E-01 0.348058976E-01 0.449210703E-01 0.553505011E-01 0.661097169E-01
 0.771882609E-01 0.886287317E-01 0.100550547E+00 0.113031328E+00 0.126162916E+00
 0.140067071E+00 0.154897332E+00 0.170868382E+00 0.188308880E+00 0.207672402E+00
 0.229642302E+00 0.255298048E+00 0.286393285E+00 0.325487286E+00 0.355754495E+00
 0.371969908E+00 0.366732895E+00 0.340587556E+00 0.314137369E+00 0.294475824E+00
 0.195289467E-03 0.368349906E-02 0.115368385E-01 0.237250328E-01 0.329428464E-01
 0.322102755E-01 0.302589815E-01 0.279707480E-01 0.253404751E-01 0.223637484E-01
 0.190352481E-01 0.155971870E-01 0.120761851E-01 0.850014482E-02 0.489829713E-02
 0.130156253E-02-0.225706375E-02-0.574222114E-02-0.911604706E-02-0.123382267E-01
-0.153662246E-01-0.181556903E-01-0.206609908E-01-0.228358135E-01-0.246337429E-01
-0.260087438E-01-0.269154198E-01-0.273090098E-01-0.271450374E-01-0.263786763E-01
-0.249639060E-01-0.228527021E-01-0.199946407E-01-0.163375735E-01-0.118302424E-01
-0.642820960E-02-0.104803104E-03 0.713082496E-02 0.152066927E-01 0.239515714E-01
 0.329800323E-01 0.422965549E-01 0.519082397E-01 0.618243963E-01 0.720379129E-01
 0.825178400E-01 0.933958516E-01 0.104734689E+00 0.116595551E+00 0.129055053E+00
 0.142207742E+00 0.156169474E+00 0.171097100E+00 0.187206790E+00 0.204772875E+00
 0.224144295E+00 0.245759293E+00 0.270125479E+00 0.297492445E+00 0.318877727E+00
 0.329931349E+00 0.328310341E+00 0.314151645E+00 0.297462702E+00 0.283309817E+00
 0.196233435E-03 0.370128220E-02 0.115926163E-01 0.238695387E-01 0.331552587E-01
 0.325089991E-01 0.306884237E-01 0.285538621E-01 0.260983948E-01 0.233146325E-01
 0.201894362E-01 0.169452336E-01 0.136228548E-01 0.102563929E-01 0.687770220E-02
 0.351863727E-02 0.212229614E-03-0.300667877E-02-0.610114355E-02-0.903207157E-02
-0.117583778E-01-0.142372884E-01-0.164247658E-01-0.182759631E-01-0.197456703E-01
-0.207886528E-01-0.213598236E-01-0.214142166E-01-0.209067501E-01-0.197918564E-01
-0.180231631E-01-0.155534949E-01-0.123357391E-01-0.832524896E-02-0.348486146E-02
 0.220612879E-02 0.873743463E-02 0.160459075E-01 0.239861552E-01 0.322110727E-01
 0.407206118E-01 0.495132804E-01 0.585782826E-01 0.678945407E-01 0.773590580E-01
 0.871224403E-01 0.972497165E-01 0.107770428E+00 0.118720889E+00 0.130144551E+00
 0.142098293E+00 0.154614881E+00 0.167662352E+00 0.181404397E+00 0.195829272E+00
 0.210872337E+00 0.226307377E+00 0.241577744E+00 0.255573630E+00 0.266686678E+00
 0.273524582E+00 0.275573492E+00 0.273372740E+00 0.268331707E+00 0.261961222E+00
 0.197187837E-03 0.371928816E-02 0.116491877E-01 0.239829179E-01 0.333551057E-01
 0.328110307E-01 0.311327577E-01 0.291658472E-01 0.269094203E-01 0.243652444E-01
 0.215376765E-01 0.184402633E-01 0.153046520E-01 0.121521810E-01 0.900916941E-02
 0.590482820E-02 0.287062861E-02-0.598266524E-04-0.285082473E-02-0.546461111E-02
-0.786155649E-02-0.100004217E-01-0.118386950E-01-0.133329630E-01-0.144392457E-01
-0.151132783E-01-0.153106842E-01-0.149870478E-01-0.140979486E-01-0.125990901E-01
-0.104467655E-01-0.759905437E-02-0.401831605E-02 0.324233901E-03 0.544090616E-02
 0.113156056E-01 0.178878829E-01 0.250282697E-01 0.324551798E-01 0.401664488E-01
 0.481610112E-01 0.564407147E-01 0.650591254E-01 0.735878795E-01 0.821796283E-01
 0.911294371E-01 0.100389861E+00 0.109957770E+00 0.119837701E+00 0.130034551E+00
 0.140546218E+00 0.151352301E+00 0.162424520E+00 0.173726171E+00 0.185166731E+00
 0.196577191E+00 0.207685560E+00 0.218096718E+00 0.227306783E+00 0.234784544E+00
 0.240112826E+00 0.243123144E+00 0.243949339E+00 0.242971465E+00 0.240680963E+00
 0.198114649E-03 0.373683218E-02 0.117048584E-01 0.240750071E-01 0.335530601E-01
 0.331334434E-01 0.315819308E-01 0.297751799E-01 0.277123135E-01 0.253917556E-01
 0.228098668E-01 0.199570134E-01 0.170563068E-01 0.141472770E-01 0.112630855E-01
 0.843517017E-02 0.569532346E-02 0.307662785E-02 0.613848853E-03-0.165646570E-02
-0.369606633E-02-0.546520017E-02-0.692288484E-02-0.802721363E-02-0.873566605E-02
-0.900539570E-02-0.879353099E-02-0.805751421E-02-0.675560115E-02-0.484775146E-02
-0.229724520E-02 0.926516310E-03 0.484346459E-02 0.945562497E-02 0.147375036E-01
 0.206166524E-01 0.269771032E-01 0.336266123E-01 0.405593477E-01 0.477703065E-01
 0.552562401E-01 0.630452484E-01 0.709886178E-01 0.785768405E-01 0.865257978E-01
 0.947044119E-01 0.103097796E+00 0.111695051E+00 0.120483667E+00 0.129447892E+00
 0.138566911E+00 0.147780508E+00 0.157010257E+00 0.166233674E+00 0.175344333E+00
 0.184197739E+00 0.192609400E+00 0.200359702E+00 0.207212821E+00 0.212949648E+00
 0.217408493E+00 0.220519260E+00 0.222317606E+00 0.222932830E+00 0.222555533E+00
 0.198931535E-03 0.375223439E-02 0.117532024E-01 0.242581684E-01 0.337251909E-01
 0.333898775E-01 0.319841914E-01 0.303484611E-01 0.284884740E-01 0.264082868E-01
 0.241115391E-01 0.216042046E-01 0.189005658E-01 0.162313096E-01 0.136166327E-01
 0.110822376E-01 0.865707919E-02 0.637250533E-02 0.426188903E-02 0.236041215E-02
 0.704870967E-03-0.666560954E-03-0.171461259E-02-0.239923107E-02-0.267992541E-02
-0.251617259E-02-0.186798989E-02-0.696755014E-03 0.103363337E-02 0.335499644E-02
 0.629164046E-02 0.985551905E-02 0.140402773E-01 0.188069846E-01 0.241022073E-01
 0.296976008E-01 0.356043056E-01 0.417999886E-01 0.482690968E-01 0.550041124E-01
 0.620214529E-01 0.694047138E-01 0.762343556E-01 0.833795890E-01 0.906915367E-01
 0.981431901E-01 0.105716959E+00 0.113394424E+00 0.121154651E+00 0.128972217E+00
 0.136813715E+00 0.144617453E+00 0.152318880E+00 0.159884736E+00 0.167239770E+00
 0.174286351E+00 0.180911660E+00 0.186994180E+00 0.192414090E+00 0.197066784E+00
 0.200876862E+00 0.203809142E+00 0.205873281E+00 0.207120910E+00 0.207636058E+00
 0.199597896E-03 0.376484636E-02 0.117932102E-01 0.242600478E-01 0.338973850E-01
 0.336203352E-01 0.323264189E-01 0.308516454E-01 0.291900039E-01 0.273443162E-01
 0.253165532E-01 0.231055822E-01 0.207029171E-01 0.183280315E-01 0.160168801E-01
 0.138017815E-01 0.117140282E-01 0.978546590E-02 0.804901402E-02 0.653882651E-02
 0.529026985E-02 0.433973316E-02 0.372430542E-02 0.348136481E-02 0.364816329E-02
 0.426138518E-02 0.535600586E-02 0.696345139E-02 0.910949055E-02 0.118134711E-01
 0.150817893E-01 0.188967418E-01 0.232374761E-01 0.278894566E-01 0.328696556E-01
 0.381527543E-01 0.437179394E-01 0.495424829E-01 0.556030162E-01 0.618763417E-01
 0.683333129E-01 0.749092326E-01 0.815414563E-01 0.882274061E-01 0.949721485E-01
 0.101765200E+00 0.108589731E+00 0.115426406E+00 0.122253552E+00 0.129045874E+00
 0.135768503E+00 0.142357215E+00 0.148767382E+00 0.154988915E+00 0.160976142E+00
 0.166667074E+00 0.171993881E+00 0.176887721E+00 0.181283772E+00 0.185127199E+00
 0.188378647E+00 0.191018552E+00 0.193049058E+00 0.194493264E+00 0.195392027E+00
 0.200030481E-03 0.377317704E-02 0.118206078E-01 0.243394151E-01 0.340249091E-01
 0.337875485E-01 0.325560123E-01 0.312403440E-01 0.297767520E-01 0.281687938E-01
 0.264248084E-01 0.245529227E-01 0.225603282E-01 0.204562359E-01 0.184467342E-01
 0.165595710E-01 0.148218963E-01 0.132639222E-01 0.119170658E-01 0.108137308E-01
 0.998728909E-02 0.947177410E-02 0.930116698E-02 0.950837415E-02 0.101244925E-01
 0.111805471E-01 0.127049303E-01 0.147175947E-01 0.172190145E-01 0.202185456E-01
 0.237177983E-01 0.275400598E-01 0.317058191E-01 0.361942798E-01 0.409877189E-01
 0.460639149E-01 0.513974614E-01 0.569595546E-01 0.627205819E-01 0.686642751E-01
 0.747739077E-01 0.809730068E-01 0.872087851E-01 0.934545547E-01 0.996872783E-01
 0.105886035E+00 0.112031199E+00 0.118103966E+00 0.124085881E+00 0.129958957E+00
 0.135707259E+00 0.141185373E+00 0.146464244E+00 0.151552036E+00 0.156413049E+00
 0.161008999E+00 0.165300667E+00 0.169249400E+00 0.172819614E+00 0.175981343E+00
 0.178712994E+00 0.181003183E+00 0.182851791E+00 0.184269950E+00 0.185278833E+00
 0.200004361E-03 0.377308135E-02 0.118232053E-01 0.243671089E-01 0.340494737E-01
 0.338980295E-01 0.327468440E-01 0.314905718E-01 0.301954113E-01 0.288017839E-01
 0.273277164E-01 0.257850364E-01 0.241835210E-01 0.225319229E-01 0.208371207E-01
 0.192965753E-01 0.179184712E-01 0.167395379E-01 0.157899242E-01 0.150990682E-01
 0.146975974E-01 0.146172373E-01 0.148890670E-01 0.155390566E-01 0.165775754E-01
 0.180309489E-01 0.199316218E-01 0.223154016E-01 0.250155218E-01 0.280728806E-01
 0.314967074E-01 0.352679156E-01 0.393730327E-01 0.437953174E-01 0.485147499E-01
 0.535067394E-01 0.587402843E-01 0.641746148E-01 0.698471293E-01 0.756673664E-01
 0.815783739E-01 0.875270367E-01 0.934652910E-01 0.993492976E-01 0.105141342E+00
 0.110811234E+00 0.116336986E+00 0.121703818E+00 0.126900092E+00 0.131918266E+00
 0.136625499E+00 0.141100138E+00 0.145383343E+00 0.149467036E+00 0.153337747E+00
 0.156979248E+00 0.160373226E+00 0.163500473E+00 0.166342497E+00 0.168883204E+00
 0.171110421E+00 0.173017129E+00 0.174602255E+00 0.175870851E+00 0.176833838E+00
 0.199051035E-03 0.375580438E-02 0.117741432E-01 0.242457800E-01 0.339131914E-01
 0.337889306E-01 0.326822028E-01 0.315040722E-01 0.303157419E-01 0.291143842E-01
 0.278976914E-01 0.266758893E-01 0.254589226E-01 0.242588110E-01 0.230924934E-01
 0.219859164E-01 0.209341627E-01 0.201309901E-01 0.195779670E-01 0.192913692E-01
 0.192965176E-01 0.196258910E-01 0.203201231E-01 0.214332044E-01 0.228126384E-01
 0.245106574E-01 0.265581552E-01 0.289680324E-01 0.317298770E-01 0.348430164E-01
 0.383058079E-01 0.421120487E-01 0.462524816E-01 0.507141910E-01 0.554799139E-01
 0.605276674E-01 0.658266842E-01 0.713743865E-01 0.770981759E-01 0.829453245E-01
 0.888504535E-01 0.947440118E-01 0.100555472E+00 0.106218152E+00 0.111674935E+00
 0.116883293E+00 0.121818587E+00 0.126487747E+00 0.130888104E+00 0.134899586E+00
 0.138651431E+00 0.142170236E+00 0.145478576E+00 0.148592234E+00 0.151519835E+00
 0.154263422E+00 0.156819806E+00 0.159182176E+00 0.161341831E+00 0.163289815E+00
 0.165018305E+00 0.166521683E+00 0.167797402E+00 0.168846324E+00 0.169672817E+00
 0.196334353E-03 0.370574649E-02 0.116260713E-01 0.240389705E-01 0.334988311E-01
 0.332843810E-01 0.321446061E-01 0.310174711E-01 0.299454462E-01 0.289374851E-01
 0.279874001E-01 0.270916950E-01 0.262506753E-01 0.254701246E-01 0.247625932E-01
 0.241481513E-01 0.236545764E-01 0.233272519E-01 0.231985878E-01 0.232961215E-01
 0.236455016E-01 0.242709182E-01 0.251935869E-01 0.264273696E-01 0.279682074E-01
 0.298252013E-01 0.320099331E-01 0.345316902E-01 0.373959206E-01 0.406066850E-01
 0.441664234E-01 0.480753034E-01 0.523306653E-01 0.569259785E-01 0.618528277E-01
 0.671039596E-01 0.726545975E-01 0.784596875E-01 0.844667032E-01 0.906069279E-01
 0.967925638E-01 0.102918603E+00 0.108869486E+00 0.114531994E+00 0.119801305E+00
 0.124625005E+00 0.128972799E+00 0.132833019E+00 0.136246070E+00 0.139262766E+00
 0.141955853E+00 0.144396111E+00 0.146640509E+00 0.148729861E+00 0.150690034E+00
 0.152534530E+00 0.154267594E+00 0.155887097E+00 0.157387018E+00 0.158759505E+00
 0.159996405E+00 0.161090463E+00 0.162036106E+00 0.162830010E+00 0.163471207E+00
 0.190515988E-03 0.359719805E-02 0.112963393E-01 0.233364701E-01 0.325324237E-01
 0.320317373E-01 0.307616293E-01 0.296805408E-01 0.288007203E-01 0.280827824E-01
 0.274802260E-01 0.269632880E-01 0.265183821E-01 0.261444468E-01 0.258499887E-01
 0.256509446E-01 0.255690478E-01 0.256303381E-01 0.258610267E-01 0.262862761E-01
 0.269297883E-01 0.278133992E-01 0.289564636E-01 0.303751919E-01 0.320825800E-01
 0.340914503E-01 0.364144668E-01 0.390634984E-01 0.420492478E-01 0.453813970E-01
 0.490688533E-01 0.531199463E-01 0.575427637E-01 0.623450540E-01 0.675329119E-01
 0.731053799E-01 0.790474266E-01 0.853320286E-01 0.919130519E-01 0.987140909E-01
 0.105617188E+00 0.112464204E+00 0.119035266E+00 0.125106722E+00 0.130480573E+00
 0.135005638E+00 0.138646379E+00 0.141461715E+00 0.143591926E+00 0.145217121E+00
 0.146510109E+00 0.147607252E+00 0.148601681E+00 0.149549425E+00 0.150479212E+00
 0.151401266E+00 0.152314112E+00 0.153209284E+00 0.154074788E+00 0.154897198E+00
 0.155663267E+00 0.156360850E+00 0.156979591E+00 0.157511204E+00 0.157949671E+00
 0.180571747E-03 0.340721500E-02 0.106867664E-01 0.220599007E-01 0.303736664E-01
 0.291075762E-01 0.276492070E-01 0.269270092E-01 0.266348980E-01 0.265004821E-01
 0.264227893E-01 0.263774712E-01 0.263625998E-01 0.263874941E-01 0.264679901E-01
 0.266240332E-01 0.268782116E-01 0.272546168E-01 0.277776681E-01 0.284712929E-01
 0.293583684E-01 0.304603390E-01 0.317969918E-01 0.333864875E-01 0.352457948E-01
 0.373914354E-01 0.398399197E-01 0.426076204E-01 0.457098037E-01 0.491604060E-01
 0.529742390E-01 0.571666174E-01 0.617514476E-01 0.667619631E-01 0.722595304E-01
 0.782170892E-01 0.846727267E-01 0.916339457E-01 0.990910679E-01 0.107048541E+00
 0.115377948E+00 0.123870634E+00 0.132095903E+00 0.139446110E+00 0.145410240E+00
 0.149702042E+00 0.152259856E+00 0.153267786E+00 0.153194860E+00 0.152607605E+00
 0.151897892E+00 0.151263773E+00 0.150785953E+00 0.150484934E+00 0.150352001E+00
 0.150365174E+00 0.150497317E+00 0.150720239E+00 0.151006892E+00 0.151332408E+00
 0.151674584E+00 0.152014121E+00 0.152334660E+00 0.152622655E+00 0.152867258E+00
 0.169364983E-03 0.318853301E-02 0.994531903E-02 0.203338955E-01 0.265107658E-01
 0.200743694E-01 0.209363606E-01 0.230694003E-01 0.240445547E-01 0.247200765E-01
 0.252405740E-01 0.256686863E-01 0.260482188E-01 0.264155474E-01 0.268027093E-01
 0.272389911E-01 0.277519785E-01 0.283681173E-01 0.291128736E-01 0.300106760E-01
 0.310847275E-01 0.323566645E-01 0.338461176E-01 0.355707929E-01 0.375480577E-01
 0.397961289E-01 0.423339233E-01 0.451880880E-01 0.483900160E-01 0.519326217E-01
 0.558290333E-01 0.601263121E-01 0.647998825E-01 0.698626935E-01 0.755220428E-01
 0.819630846E-01 0.889541581E-01 0.966244340E-01 0.105082564E+00 0.114478573E+00
 0.124984533E+00 0.136796996E+00 0.149972185E+00 0.160747021E+00 0.168359444E+00
 0.172234669E+00 0.173477069E+00 0.169724897E+00 0.164379805E+00 0.160070062E+00
 0.156704858E+00 0.154113591E+00 0.152144760E+00 0.150672987E+00 0.149596438E+00
 0.148832574E+00 0.148314208E+00 0.147986263E+00 0.147803247E+00 0.147727370E+00
 0.147727162E+00 0.147776410E+00 0.147853389E+00 0.147940159E+00 0.148022145E+00
 0.163657533E-03 0.307813101E-02 0.958237331E-02 0.195010416E-01 0.252106562E-01
 0.194763187E-01 0.192785878E-01 0.213385466E-01 0.226927511E-01 0.237577409E-01
 0.245992821E-01 0.252898037E-01 0.258953664E-01 0.264669210E-01 0.270427745E-01
 0.276547186E-01 0.283316113E-01 0.291006789E-01 0.299878865E-01 0.310182106E-01
 0.322156213E-01 0.336039402E-01 0.352056846E-01 0.370282717E-01 0.390725806E-01
 0.413724817E-01 0.439164750E-01 0.467255265E-01 0.500299595E-01 0.536514856E-01
 0.575770847E-01 0.619166531E-01 0.667068288E-01 0.719382837E-01 0.777466670E-01
 0.841748044E-01 0.912928358E-01 0.992229655E-01 0.108148545E+00 0.118344285E+00
 0.130231798E+00 0.144460544E+00 0.161880881E+00 0.175434053E+00 0.184402406E+00
 0.187597468E+00 0.188613355E+00 0.180085272E+00 0.170317739E+00 0.163230583E+00
 0.158051834E+00 0.154205665E+00 0.151315436E+00 0.149131179E+00 0.147480369E+00
 0.146239042E+00 0.145314932E+00 0.144637361E+00 0.144150808E+00 0.143810913E+00
 0.143581718E+00 0.143433824E+00 0.143343046E+00 0.143289447E+00 0.143256679E+00
 0.166629878E-03 0.313570350E-02 0.977238361E-02 0.199740883E-01 0.260429252E-01
 0.216358341E-01 0.207577348E-01 0.221976731E-01 0.232423320E-01 0.241498407E-01
 0.248518921E-01 0.254550371E-01 0.260519870E-01 0.266630426E-01 0.272948276E-01
 0.279662609E-01 0.287029259E-01 0.295317341E-01 0.304763522E-01 0.315572284E-01
 0.328009315E-01 0.342267714E-01 0.359124579E-01 0.378012918E-01 0.399022922E-01
 0.422022529E-01 0.448118113E-01 0.477244332E-01 0.509656444E-01 0.545677170E-01
 0.584958345E-01 0.627804771E-01 0.674634129E-01 0.725852475E-01 0.781985819E-01
 0.843667313E-01 0.911679119E-01 0.987059474E-01 0.107123680E+00 0.116622567E+00
 0.127498761E+00 0.140237957E+00 0.155946523E+00 0.168003842E+00 0.176123336E+00
 0.178909704E+00 0.180564925E+00 0.172872990E+00 0.164465517E+00 0.158393607E+00
 0.153781906E+00 0.150218576E+00 0.147443861E+00 0.145276308E+00 0.143583313E+00
 0.142265022E+00 0.141244456E+00 0.140460953E+00 0.139865920E+00 0.139419869E+00
 0.139090374E+00 0.138850525E+00 0.138677940E+00 0.138553932E+00 0.138462916E+00
 0.176320711E-03 0.332544022E-02 0.104196751E-01 0.214631855E-01 0.293009523E-01
 0.274741873E-01 0.259981416E-01 0.256425273E-01 0.256655607E-01 0.258037057E-01
 0.259972624E-01 0.262279883E-01 0.265299752E-01 0.270132944E-01 0.275779739E-01
 0.281925239E-01 0.288763680E-01 0.296774451E-01 0.306206960E-01 0.317194201E-01
 0.329477638E-01 0.344723575E-01 0.361718312E-01 0.380752794E-01 0.402091667E-01
 0.425740667E-01 0.451954417E-01 0.480897725E-01 0.512655973E-01 0.547332466E-01
 0.585049950E-01 0.625977591E-01 0.670341700E-01 0.718415454E-01 0.770513266E-01
 0.826987475E-01 0.888222903E-01 0.954619721E-01 0.102654152E+00 0.110417545E+00
 0.118717507E+00 0.127374977E+00 0.135864452E+00 0.143224731E+00 0.148747399E+00
 0.152100280E+00 0.153216168E+00 0.152284324E+00 0.150055662E+00 0.147463128E+00
 0.144982964E+00 0.142782897E+00 0.140901759E+00 0.139328018E+00 0.138031512E+00
 0.136976928E+00 0.136129245E+00 0.135456085E+00 0.134928361E+00 0.134520382E+00
 0.134209618E+00 0.133976460E+00 0.133803919E+00 0.133677274E+00 0.133583859E+00
 0.185929297E-03 0.351145980E-02 0.110360133E-01 0.228340216E-01 0.317871831E-01
 0.310285576E-01 0.296534672E-01 0.286126025E-01 0.278931055E-01 0.274305176E-01
 0.271641351E-01 0.270487294E-01 0.270922258E-01 0.273847058E-01 0.278049875E-01
 0.283247661E-01 0.289401002E-01 0.296585821E-01 0.305429213E-01 0.316755809E-01
 0.329696089E-01 0.344166011E-01 0.360374115E-01 0.378751568E-01 0.399520099E-01
 0.422858372E-01 0.448875055E-01 0.477405712E-01 0.508261546E-01 0.541477092E-01
 0.577162094E-01 0.615448207E-01 0.656473711E-01 0.700374097E-01 0.747269318E-01
 0.797245130E-01 0.850322247E-01 0.906405374E-01 0.965199322E-01 0.102607638E+00
 0.108788915E+00 0.114877127E+00 0.120609187E+00 0.125682339E+00 0.129828900E+00
 0.132881150E+00 0.134803340E+00 0.135699466E+00 0.135790512E+00 0.135347232E+00
 0.134611383E+00 0.133757770E+00 0.132896543E+00 0.132090285E+00 0.131370440E+00
 0.130749255E+00 0.130227700E+00 0.129800275E+00 0.129458144E+00 0.129190862E+00
 0.128987506E+00 0.128837347E+00 0.128730208E+00 0.128656641E+00 0.128608093E+00
 0.190282473E-03 0.359407417E-02 0.112961810E-01 0.234091245E-01 0.326071270E-01
 0.321209580E-01 0.308452211E-01 0.297271106E-01 0.288166646E-01 0.281279441E-01
 0.276533328E-01 0.273768008E-01 0.272957925E-01 0.274390411E-01 0.277665593E-01
 0.282333586E-01 0.288238637E-01 0.295253750E-01 0.303662345E-01 0.314188413E-01
 0.326776095E-01 0.340184905E-01 0.353952423E-01 0.371998549E-01 0.391713716E-01
 0.414151847E-01 0.440646112E-01 0.469014235E-01 0.498761982E-01 0.530179739E-01
 0.563446358E-01 0.598686039E-01 0.635982081E-01 0.675377250E-01 0.716865435E-01
 0.760376304E-01 0.805750713E-01 0.852707550E-01 0.900801495E-01 0.949377418E-01
 0.997534171E-01 0.104412563E+00 0.108782940E+00 0.112730160E+00 0.116138853E+00
 0.118933059E+00 0.121089421E+00 0.122639455E+00 0.123660244E+00 0.124255955E+00
 0.124536738E+00 0.124602407E+00 0.124534041E+00 0.124392450E+00 0.124220386E+00
 0.124046192E+00 0.123887375E+00 0.123753689E+00 0.123649471E+00 0.123575397E+00
 0.123529792E+00 0.123509474E+00 0.123510435E+00 0.123528264E+00 0.123558432E+00
 0.188148493E-03 0.355557329E-02 0.111873411E-01 0.231582355E-01 0.323293209E-01
 0.317969918E-01 0.304782279E-01 0.293236226E-01 0.283796191E-01 0.276628863E-01
 0.271711703E-01 0.268915892E-01 0.268013030E-01 0.269398261E-01 0.272761062E-01
 0.277685486E-01 0.284099542E-01 0.291924588E-01 0.301184412E-01 0.311813671E-01
 0.323696919E-01 0.336461402E-01 0.349904634E-01 0.366916396E-01 0.385738015E-01
 0.407122001E-01 0.432161614E-01 0.458863825E-01 0.486606285E-01 0.515637472E-01
 0.546096414E-01 0.578059964E-01 0.611555651E-01 0.646563023E-01 0.683009103E-01
 0.720759481E-01 0.759606287E-01 0.799253955E-01 0.839306340E-01 0.879259333E-01
 0.918504223E-01 0.956350788E-01 0.992072970E-01 0.102497667E+00 0.105447859E+00
 0.108017884E+00 0.110190861E+00 0.111974068E+00 0.113396116E+00 0.114500999E+00
 0.115340844E+00 0.115969032E+00 0.116435163E+00 0.116782077E+00 0.117044777E+00
 0.117250532E+00 0.117419757E+00 0.117567115E+00 0.117702663E+00 0.117832877E+00
 0.117961556E+00 0.118090495E+00 0.118220076E+00 0.118349694E+00 0.118478104E+00
 0.177203969E-03 0.335482135E-02 0.106000528E-01 0.221276358E-01 0.308013987E-01
 0.299581215E-01 0.285168849E-01 0.273837578E-01 0.265456028E-01 0.259739906E-01
 0.256408248E-01 0.255221631E-01 0.256007817E-01 0.258684158E-01 0.263128355E-01
 0.269179922E-01 0.276710968E-01 0.285628159E-01 0.295846071E-01 0.307220779E-01
 0.319670103E-01 0.333170407E-01 0.347918123E-01 0.364318155E-01 0.382489860E-01
 0.402545556E-01 0.424531959E-01 0.448147953E-01 0.473071560E-01 0.499242395E-01
 0.526655167E-01 0.555298813E-01 0.585138574E-01 0.616107322E-01 0.648098886E-01
 0.680962354E-01 0.714496523E-01 0.748445690E-01 0.782498494E-01 0.816290379E-01
 0.849413574E-01 0.881434381E-01 0.911918804E-01 0.940464661E-01 0.966734737E-01
 0.990486294E-01 0.101159073E+00 0.103003934E+00 0.104593396E+00 0.105946638E+00
 0.107088953E+00 0.108048759E+00 0.108855002E+00 0.109535091E+00 0.110113643E+00
 0.110611819E+00 0.111047179E+00 0.111433819E+00 0.111782745E+00 0.112102285E+00
 0.112398565E+00 0.112675890E+00 0.112937160E+00 0.113184161E+00 0.113417841E+00
 0.151311368E-03 0.287189754E-02 0.913644303E-02 0.192999877E-01 0.267641246E-01
 0.255482569E-01 0.243672710E-01 0.236622859E-01 0.232664458E-01 0.231045205E-01
 0.231376458E-01 0.233440697E-01 0.237108227E-01 0.242292657E-01 0.248921346E-01
 0.256918762E-01 0.266200528E-01 0.276670735E-01 0.288221575E-01 0.300743412E-01
 0.314149223E-01 0.328405239E-01 0.343549959E-01 0.359680504E-01 0.376913212E-01
 0.395346992E-01 0.415035300E-01 0.435975417E-01 0.458128192E-01 0.481446609E-01
 0.505882651E-01 0.531380996E-01 0.557870753E-01 0.585259460E-01 0.613428578E-01
 0.642230436E-01 0.671486333E-01 0.700986236E-01 0.730490237E-01 0.759733543E-01
 0.788433850E-01 0.816302821E-01 0.843059942E-01 0.868448615E-01 0.892251655E-01
 0.914305151E-01 0.934506953E-01 0.952820480E-01 0.969271585E-01 0.983940437E-01
 0.996949524E-01 0.100844957E+00 0.101860635E+00 0.102758862E+00 0.103555895E+00
 0.104266740E+00 0.104904748E+00 0.105481476E+00 0.106006660E+00 0.106488310E+00
 0.106932893E+00 0.107345529E+00 0.107730150E+00 0.108089730E+00 0.108426467E+00
 0.106614432E-03 0.201324979E-02 0.633977959E-02 0.132098263E-01 0.167604070E-01
 0.175688155E-01 0.180808250E-01 0.185119100E-01 0.189476181E-01 0.194284730E-01
 0.199777018E-01 0.206108298E-01 0.213391352E-01 0.221708808E-01 0.231114998E-01
 0.241631605E-01 0.253237672E-01 0.265855994E-01 0.279341992E-01 0.293489993E-01
 0.308073908E-01 0.322921500E-01 0.337986276E-01 0.353368223E-01 0.369267315E-01
 0.385903940E-01 0.403455421E-01 0.422029756E-01 0.441669598E-01 0.462368354E-01
 0.484085418E-01 0.506756008E-01 0.530295782E-01 0.554602444E-01 0.579556040E-01
 0.605018586E-01 0.630834103E-01 0.656829923E-01 0.682818443E-01 0.708601177E-01
 0.733973682E-01 0.758732706E-01 0.782683715E-01 0.805649385E-01 0.827477723E-01
 0.848048478E-01 0.867278203E-01 0.885121897E-01 0.901572332E-01 0.916656554E-01
 0.930430442E-01 0.942972079E-01 0.954374522E-01 0.964739174E-01 0.974169746E-01
 0.982767418E-01 0.990627855E-01 0.997838303E-01 0.100447655E+00 0.101061061E+00
 0.101629883E+00 0.102159023E+00 0.102652550E+00 0.103113808E+00 0.103545479E+00
 0.594036974E-04 0.109782803E-02 0.327131408E-02 0.607216218E-02 0.863275863E-02
 0.106347343E-01 0.122095095E-01 0.135049941E-01 0.146349939E-01 0.156798176E-01
 0.166957006E-01 0.177231729E-01 0.187927354E-01 0.199283548E-01 0.211493988E-01
 0.224711783E-01 0.239037070E-01 0.254474599E-01 0.270846412E-01 0.287682153E-01
 0.304233190E-01 0.319791436E-01 0.334139951E-01 0.347696543E-01 0.361202098E-01
 0.375290848E-01 0.390325822E-01 0.406453907E-01 0.423697494E-01 0.442015082E-01
 0.461332947E-01 0.481559820E-01 0.502593070E-01 0.524321049E-01 0.546623468E-01
 0.569371544E-01 0.592428073E-01 0.615648367E-01 0.638881698E-01 0.661973655E-01
 0.684769526E-01 0.707118213E-01 0.728876591E-01 0.749914199E-01 0.770117417E-01
 0.789393187E-01 0.807671398E-01 0.824906379E-01 0.841076374E-01 0.856182426E-01
 0.870245323E-01 0.883302540E-01 0.895404369E-01 0.906609818E-01 0.916983187E-01
 0.926590562E-01 0.935497582E-01 0.943767130E-01 0.951457769E-01 0.958623365E-01
 0.965312049E-01 0.971566364E-01 0.977423564E-01 0.982915536E-01 0.988069475E-01
 0.155337703E+01 0.158821344E+01 0.158296728E+01 0.158399880E+01 0.158927393E+01
 0.159705460E+01 0.160568321E+01 0.161519825E+01 0.162637329E+01 0.163698661E+01
 0.164973438E+01 0.166291189E+01 0.167637897E+01 0.169143045E+01 0.170763421E+01
 0.172399521E+01 0.174157155E+01 0.176068854E+01 0.178072536E+01 0.180114055E+01
 0.182302642E+01 0.184667647E+01 0.187119901E+01 0.189664519E+01 0.192355371E+01
 0.195210326E+01 0.198242867E+01 0.201386476E+01 0.204684782E+01 0.208173084E+01
 0.211855006E+01 0.215745139E+01 0.219796824E+01 0.224080348E+01 0.228614402E+01
 0.233399963E+01 0.238452697E+01 0.243738985E+01 0.249366879E+01 0.255331302E+01
 0.261654997E+01 0.268364286E+01 0.275434518E+01 0.282994795E+01 0.291045165E+01
 0.299648619E+01 0.308832026E+01 0.318645978E+01 0.329215884E+01 0.340591335E+01
 0.352864122E+01 0.366138577E+01 0.380571532E+01 0.396314692E+01 0.413492584E+01
 0.432479858E+01 0.453443384E+01 0.477107430E+01 0.503740454E+01 0.534305429E+01
 0.570036173E+01 0.612522888E+01 0.665206289E+01 0.734812927E+01 0.959293270E+01
   78   41
 0.280151993E+00 0.000000000E+00 0.281787068E+00 0.137500003E+00 0.285811990E+00
 0.275000006E+00 0.292870820E+00 0.412499994E+00 0.304580897E+00 0.550000012E+00
 0.313842058E+00 0.618749976E+00 0.333960474E+00 0.756250024E+00 0.348421693E+00
 0.824999988E+00 0.377812505E+00 0.944077551E+00 0.404849619E+00 0.103125000E+01
 0.433458745E+00 0.110000002E+01 0.471699178E+00 0.116875005E+01 0.511562526E+00
 0.121645844E+01 0.545000017E+00 0.124327850E+01 0.611874998E+00 0.126759386E+01
 0.678749979E+00 0.126700306E+01 0.745625019E+00 0.124938786E+01 0.779062510E+00
 0.123434615E+01 0.845937490E+00 0.120197928E+01 0.896645129E+00 0.116875005E+01
 0.946250021E+00 0.113477671E+01 0.988710582E+00 0.110000002E+01 0.104656255E+01
 0.104927468E+01 0.108000004E+01 0.101574171E+01 0.112831378E+01 0.962499976E+00
 0.118031251E+01 0.897884905E+00 0.121375000E+01 0.849771321E+00 0.124718750E+01
 0.795414269E+00 0.128062499E+01 0.734141052E+00 0.131406248E+01 0.664945066E+00
 0.134749997E+01 0.586568773E+00 0.138093746E+01 0.497627676E+00 0.140900052E+01
 0.412499994E+00 0.142975903E+01 0.343750000E+00 0.144804573E+01 0.275000006E+00
 0.147454083E+01 0.137500003E+00 0.148230410E+01 0.687500015E-01 0.148348951E+01
-0.687500015E-01 0.147687042E+01-0.137500003E+00 0.145300305E+01-0.275000006E+00
 0.143611228E+01-0.343750000E+00 0.141437495E+01-0.422386944E+00 0.138093746E+01
-0.527572513E+00 0.134849977E+01-0.618749976E+00 0.132065451E+01-0.687500000E+00
 0.128909969E+01-0.756250024E+00 0.125283766E+01-0.824999988E+00 0.121375000E+01
-0.888574898E+00 0.118031251E+01-0.937701643E+00 0.114687502E+01-0.982168853E+00
 0.110540938E+01-0.103125000E+01 0.104656255E+01-0.109622216E+01 0.101312494E+01
-0.113187122E+01 0.975118995E+00-0.116875005E+01 0.912812471E+00-0.122943556E+01
 0.879374981E+00-0.126165104E+01 0.827677369E+00-0.130624998E+01 0.779062510E+00
-0.134883928E+01 0.744126260E+00-0.137500000E+01 0.678749979E+00-0.142589045E+01
 0.645312488E+00-0.144919920E+01 0.578437507E+00-0.148462272E+01 0.511562526E+00
-0.150371528E+01 0.434806287E+00-0.150871587E+01 0.391487569E+00-0.150890696E+01
 0.401808888E+00-0.137500000E+01 0.394069880E+00-0.123749995E+01 0.377812505E+00
-0.113617611E+01 0.359568059E+00-0.103125000E+01 0.344375014E+00-0.940631509E+00
 0.326170117E+00-0.824999988E+00 0.310937494E+00-0.706325889E+00 0.301579475E+00
-0.618749976E+00 0.291796267E+00-0.481249988E+00 0.285456836E+00-0.343750000E+00
 0.281691521E+00-0.206249997E+00 0.280133724E+00-0.687500015E-01 0.280151993E+00
 0.000000000E+00
 0.185100004E+00 0.000000000E+00 0.185100004E+00 0.100810003E+01 0.279399991E+00
 0.117139995E+01 0.279399991E+00 0.157799995E+01 0.297899991E+00 0.160339999E+01
 0.571200013E+00 0.160339999E+01 0.572200000E+00 0.162800002E+01 0.616999984E+00
 0.162800002E+01 0.119400001E+01 0.140100002E+01 0.104330003E+01 0.142999995E+01
 0.131920004E+01 0.103970003E+01 0.133580005E+01 0.997600019E+00 0.148510003E+01
 0.545000017E+00 0.147909999E+01 0.499500006E+00 0.151740003E+01 0.305999994E+00
 0.153129995E+01 0.235499993E+00 0.154639995E+01 0.158600003E+00 0.156079996E+01
 0.800999999E-01 0.156700003E+01 0.000000000E+00 0.156570005E+01-0.176999997E-01
 0.155429995E+01-0.112300001E+00 0.153410006E+01-0.221000001E+00 0.151810002E+01
-0.302599996E+00 0.148179996E+01-0.486000001E+00 0.148510003E+01-0.545000017E+00
 0.133580005E+01-0.997600019E+00 0.131920004E+01-0.103970003E+01 0.104330003E+01
-0.142999995E+01 0.119400001E+01-0.140100002E+01 0.930999994E+00-0.150399995E+01
 0.852999985E+00-0.151989996E+01 0.663999975E+00-0.159159994E+01 0.616999984E+00
-0.162800002E+01 0.572200000E+00-0.162800002E+01 0.571200013E+00-0.160339999E+01
 0.297899991E+00-0.160339999E+01 0.279399991E+00-0.157799995E+01 0.279399991E+00
-0.117139995E+01 0.185100004E+00-0.100810003E+01 0.185100004E+00 0.000000000E+00
 0.185100004E+00 0.000000000E+00
    0 0.170000005E+01    1
 0.000000000E+00 0.000000000E+00 0.000000000E+00 0.000000000E+00 0.000000000E+00
 0.000000000E+00 0.000000000E+00 0.000000000E+00 0.000000000E+00 0.000000000E+00
 0.000000000E+00 0.000000000E+00 0.000000000E+00 0.000000000E+00 0.000000000E+00
 0.000000000E+00 0.000000000E+00 0.000000000E+00 0.000000000E+00 0.000000000E+00
 0.000000000E+00 0.000000000E+00 0.000000000E+00 0.000000000E+00 0.000000000E+00
 0.000000000E+00 0.000000000E+00 0.000000000E+00 0.000000000E+00 0.000000000E+00
 0.000000000E+00 0.000000000E+00 0.000000000E+00 0.000000000E+00 0.000000000E+00
 0.000000000E+00 0.000000000E+00 0.000000000E+00 0.000000000E+00 0.000000000E+00
 0.000000000E+00 0.000000000E+00 0.000000000E+00 0.000000000E+00 0.000000000E+00
 0.000000000E+00 0.000000000E+00 0.000000000E+00 0.000000000E+00 0.000000000E+00
 0.000000000E+00 0.000000000E+00 0.000000000E+00 0.000000000E+00 0.000000000E+00
 0.000000000E+00 0.000000000E+00 0.000000000E+00 0.000000000E+00 0.000000000E+00
 0.000000000E+00 0.000000000E+00 0.000000000E+00 0.000000000E+00 0.000000000E+00
 0.000000000E+00 0.894158706E-01 0.129637465E+00 0.159993708E+00 0.185578972E+00
 0.208262011E+00 0.228741407E+00 0.247648939E+00 0.265434563E+00 0.282036871E+00
 0.297933400E+00 0.313215643E+00 0.327726662E+00 0.341834337E+00 0.355564117E+00
 0.368843555E+00 0.381732285E+00 0.394447654E+00 0.406837195E+00 0.419018239E+00
 0.430945516E+00 0.442755610E+00 0.454399884E+00 0.465851039E+00 0.477257133E+00
 0.488496989E+00 0.499701828E+00 0.510795355E+00 0.521811366E+00 0.532812178E+00
 0.543768823E+00 0.554736018E+00 0.565630794E+00 0.576521277E+00 0.587453127E+00
 0.598390639E+00 0.609397173E+00 0.620392382E+00 0.631449997E+00 0.642580390E+00
 0.653783202E+00 0.665096700E+00 0.676446319E+00 0.687958717E+00 0.699580014E+00
 0.711357832E+00 0.723286748E+00 0.735354781E+00 0.747634947E+00 0.760124803E+00
 0.772840023E+00 0.785791874E+00 0.799036086E+00 0.812602162E+00 0.826464474E+00
 0.840740860E+00 0.855406344E+00 0.870596349E+00 0.886235118E+00 0.902557671E+00
 0.919607699E+00 0.937481225E+00 0.956441998E+00 0.976869524E+00 0.100000000E+01
    1
 0.000000000E+00 0.000000000E+00 0.000000000E+00 0.000000000E+00 0.000000000E+00
 0.000000000E+00 0.000000000E+00 0.000000000E+00 0.000000000E+00 0.000000000E+00
 0.000000000E+00 0.000000000E+00 0.000000000E+00 0.000000000E+00 0.000000000E+00
 0.000000000E+00 0.000000000E+00 0.000000000E+00 0.000000000E+00 0.000000000E+00
 0.000000000E+00 0.000000000E+00 0.000000000E+00 0.000000000E+00 0.000000000E+00
 0.000000000E+00 0.000000000E+00 0.000000000E+00 0.000000000E+00 0.000000000E+00
 0.000000000E+00 0.000000000E+00 0.000000000E+00 0.000000000E+00 0.000000000E+00
 0.000000000E+00 0.000000000E+00 0.000000000E+00 0.000000000E+00 0.000000000E+00
 0.000000000E+00 0.000000000E+00 0.000000000E+00 0.000000000E+00 0.000000000E+00
 0.000000000E+00 0.000000000E+00 0.000000000E+00 0.000000000E+00 0.000000000E+00
 0.000000000E+00 0.000000000E+00 0.000000000E+00 0.000000000E+00 0.000000000E+00
 0.000000000E+00 0.000000000E+00 0.000000000E+00 0.000000000E+00 0.000000000E+00
 0.000000000E+00 0.000000000E+00 0.000000000E+00 0.000000000E+00 0.000000000E+00
