  EFITD    01/21/2000    #124844   350ms           7  65  65
 0.214000010E+01 0.440000010E+01 0.850000024E+00 0.999999978E-02 0.000000000E+00
 0.992008924E+00-0.123412879E-01-0.454702303E-01 0.161985289E-01-0.439949006E+00
 0.780775062E+06-0.454702303E-01 0.000000000E+00 0.992008924E+00 0.000000000E+00
-0.123412879E-01 0.000000000E+00 0.161985289E-01 0.000000000E+00 0.000000000E+00
-0.407216251E+00-0.406245202E+00-0.405293196E+00-0.404360294E+00-0.403446525E+00
-0.402551919E+00-0.401676536E+00-0.400820345E+00-0.399983376E+00-0.399165571E+00
-0.398366958E+00-0.397587448E+00-0.396827012E+00-0.396085620E+00-0.395363182E+00
-0.394659579E+00-0.393974781E+00-0.393308640E+00-0.392661035E+00-0.392031878E+00
-0.391420960E+00-0.390828192E+00-0.390253365E+00-0.389696330E+00-0.389156848E+00
-0.388634771E+00-0.388129860E+00-0.387641907E+00-0.387170643E+00-0.386715829E+00
-0.386277199E+00-0.385854483E+00-0.385447383E+00-0.385055602E+00-0.384678870E+00
-0.384316802E+00-0.383969098E+00-0.383635432E+00-0.383315384E+00-0.383008659E+00
-0.382714808E+00-0.382433504E+00-0.382164299E+00-0.381906807E+00-0.381660581E+00
-0.381425202E+00-0.381200194E+00-0.380985141E+00-0.380779564E+00-0.380582958E+00
-0.380394876E+00-0.380214781E+00-0.380042166E+00-0.379876554E+00-0.379717350E+00
-0.379564077E+00-0.379416138E+00-0.379272997E+00-0.379134089E+00-0.378998816E+00
-0.378866613E+00-0.378736854E+00-0.378608912E+00-0.378482223E+00-0.378356129E+00
 0.175374863E+05 0.175247812E+05 0.174865801E+05 0.174237012E+05 0.173369707E+05
 0.172272070E+05 0.170952363E+05 0.169418789E+05 0.167679590E+05 0.165742969E+05
 0.163617148E+05 0.161310371E+05 0.158830850E+05 0.156186816E+05 0.153386475E+05
 0.150438076E+05 0.147349824E+05 0.144129951E+05 0.140786689E+05 0.137328242E+05
 0.133762852E+05 0.130098730E+05 0.126344102E+05 0.122507197E+05 0.118596240E+05
 0.114619453E+05 0.110585068E+05 0.106501289E+05 0.102376348E+05 0.982184766E+04
 0.940358984E+04 0.898368262E+04 0.856295020E+04 0.814221289E+04 0.772229443E+04
 0.730401660E+04 0.688820215E+04 0.647567334E+04 0.606725244E+04 0.566376221E+04
 0.526602490E+04 0.487486279E+04 0.449109814E+04 0.411555371E+04 0.374905151E+04
 0.339241406E+04 0.304646411E+04 0.271202368E+04 0.238991528E+04 0.208096118E+04
 0.178598389E+04 0.150580579E+04 0.124124927E+04 0.993136780E+03 0.762290649E+03
 0.549533264E+03 0.355687012E+03 0.181574341E+03 0.280176163E+02-0.104160767E+03
-0.214138412E+03-0.301092926E+03-0.364201904E+03-0.402642975E+03-0.415593750E+03
-0.414395809E+00-0.405387551E+00-0.396412224E+00-0.387473255E+00-0.378574222E+00
-0.369718522E+00-0.360909700E+00-0.352151215E+00-0.343446583E+00-0.334799230E+00
-0.326212704E+00-0.317690462E+00-0.309235990E+00-0.300852776E+00-0.292544305E+00
-0.284314036E+00-0.276165515E+00-0.268102199E+00-0.260127574E+00-0.252245098E+00
-0.244458303E+00-0.236770645E+00-0.229185626E+00-0.221706718E+00-0.214337409E+00
-0.207081199E+00-0.199941561E+00-0.192921966E+00-0.186025932E+00-0.179256931E+00
-0.172618449E+00-0.166113973E+00-0.159746975E+00-0.153520957E+00-0.147439405E+00
-0.141505793E+00-0.135723621E+00-0.130096361E+00-0.124627501E+00-0.119320542E+00
-0.114178956E+00-0.109206229E+00-0.104405850E+00-0.997813046E-01-0.953360796E-01
-0.910736620E-01-0.869975388E-01-0.831111819E-01-0.794180930E-01-0.759217590E-01
-0.726256520E-01-0.695332661E-01-0.666480884E-01-0.639735982E-01-0.615132861E-01
-0.592706390E-01-0.572491437E-01-0.554522797E-01-0.538835414E-01-0.525464043E-01
-0.514443628E-01-0.505809002E-01-0.499595031E-01-0.495836511E-01-0.494568385E-01
 0.259934692E+03-0.266288457E+05-0.526641406E+05-0.778459531E+05-0.102174281E+06
-0.125649133E+06-0.148270500E+06-0.170038375E+06-0.190952781E+06-0.211013688E+06
-0.230221125E+06-0.248575062E+06-0.266075531E+06-0.282722531E+06-0.298516031E+06
-0.313456031E+06-0.327542562E+06-0.340775625E+06-0.353155188E+06-0.364681250E+06
-0.375353875E+06-0.385172969E+06-0.394138625E+06-0.402250781E+06-0.409509438E+06
-0.415914625E+06-0.421466312E+06-0.426164531E+06-0.430009281E+06-0.433000531E+06
-0.435138312E+06-0.436422594E+06-0.436853375E+06-0.436430719E+06-0.435154531E+06
-0.433024906E+06-0.430041781E+06-0.426205156E+06-0.421515062E+06-0.415971469E+06
-0.409574406E+06-0.402323875E+06-0.394219844E+06-0.385262344E+06-0.375451344E+06
-0.364786875E+06-0.353268906E+06-0.340897469E+06-0.327672531E+06-0.313594125E+06
-0.298662219E+06-0.282876844E+06-0.266238000E+06-0.248745656E+06-0.230399828E+06
-0.211200516E+06-0.191147719E+06-0.170241453E+06-0.148481688E+06-0.125868453E+06
-0.102401727E+06-0.780815234E+05-0.529078320E+05-0.268806562E+05 0.000000000E+00
 0.310235591E-04 0.570690783E-03 0.168095808E-02 0.303909741E-02 0.409394456E-02
 0.464051776E-02 0.475728698E-02 0.453252392E-02 0.403256156E-02 0.330251339E-02
 0.237269117E-02 0.126454874E-02-0.479044593E-05-0.141894771E-02-0.295899040E-02
-0.459980173E-02-0.630547944E-02-0.802300777E-02-0.967372861E-02-0.111447414E-01
-0.122898119E-01-0.129515668E-01-0.129964203E-01-0.123370914E-01-0.109313065E-01
-0.877084117E-02-0.587814767E-02-0.230637076E-02 0.186595251E-02 0.654533179E-02
 0.116344132E-01 0.170402396E-01 0.226786379E-01 0.284754205E-01 0.343656316E-01
 0.402919017E-01 0.462027155E-01 0.520508848E-01 0.577924997E-01 0.633863658E-01
 0.687939152E-01 0.739794597E-01 0.789108202E-01 0.835600197E-01 0.879040956E-01
 0.919257328E-01 0.956137553E-01 0.989633128E-01 0.101975694E+00 0.104657911E+00
 0.107021973E+00 0.109083965E+00 0.110863090E+00 0.112380601E+00 0.113658935E+00
 0.114720806E+00 0.115588583E+00 0.116283715E+00 0.116826408E+00 0.117235340E+00
 0.117527537E+00 0.117718376E+00 0.117821537E+00 0.117849156E+00 0.117811859E+00
 0.602862747E-04 0.113833637E-02 0.358564011E-02 0.747744553E-02 0.910426490E-02
 0.882502086E-02 0.817802921E-02 0.729094306E-02 0.620826613E-02 0.494531449E-02
 0.350621878E-02 0.189072243E-02 0.974826835E-04-0.187348586E-02-0.401812699E-02
-0.632456178E-02-0.876741391E-02-0.112997545E-01-0.138428845E-01-0.162755828E-01
-0.184269659E-01-0.200800374E-01-0.209932085E-01-0.209402312E-01-0.197566431E-01
-0.173753388E-01-0.138389114E-01-0.928378198E-02-0.390099362E-02 0.210859161E-02
 0.856568851E-02 0.153248338E-01 0.222732462E-01 0.293239634E-01 0.364081077E-01
 0.434682816E-01 0.504536629E-01 0.573166907E-01 0.640111491E-01 0.704914033E-01
 0.767125413E-01 0.826313123E-01 0.882075503E-01 0.934059173E-01 0.981976539E-01
 0.102562077E+00 0.106487669E+00 0.109972455E+00 0.113023773E+00 0.115657337E+00
 0.117895871E+00 0.119767405E+00 0.121303469E+00 0.122537412E+00 0.123502873E+00
 0.124232605E+00 0.124757595E+00 0.125106469E+00 0.125305131E+00 0.125376716E+00
 0.125341520E+00 0.125217229E+00 0.125019044E+00 0.124759950E+00 0.124450944E+00
 0.881645465E-04 0.167394499E-02 0.533052441E-02 0.112782642E-01 0.153411664E-01
 0.137315243E-01 0.119462414E-01 0.102516003E-01 0.852762721E-02 0.671023689E-02
 0.475645857E-02 0.263266847E-02 0.310160685E-03-0.223667850E-02-0.503187021E-02
-0.809777528E-02-0.114504592E-01-0.150897335E-01-0.189828016E-01-0.230360013E-01
-0.270477999E-01-0.306508355E-01-0.333023258E-01-0.344128050E-01-0.335450694E-01
-0.305327978E-01-0.255279038E-01-0.189667400E-01-0.113875419E-01-0.322974217E-02
 0.522052730E-02 0.137940142E-01 0.223922171E-01 0.309548229E-01 0.394397527E-01
 0.478114150E-01 0.560339466E-01 0.640675277E-01 0.718668029E-01 0.793808326E-01
 0.865544528E-01 0.933306739E-01 0.996540785E-01 0.105474696E+00 0.110751912E+00
 0.115457825E+00 0.119579554E+00 0.123120025E+00 0.126097336E+00 0.128542721E+00
 0.130497485E+00 0.132009655E+00 0.133130565E+00 0.133911878E+00 0.134403348E+00
 0.134651139E+00 0.134696886E+00 0.134577334E+00 0.134324208E+00 0.133964509E+00
 0.133520946E+00 0.133012325E+00 0.132454127E+00 0.131858930E+00 0.131236896E+00
 0.104442872E-03 0.197745231E-02 0.624963315E-02 0.130514130E-01 0.178650301E-01
 0.164688453E-01 0.144856144E-01 0.124714971E-01 0.103986319E-01 0.822591502E-02
 0.590819493E-02 0.339752808E-02 0.643402629E-03-0.239330018E-02-0.575449318E-02
-0.951629691E-02-0.137774860E-01-0.186363664E-01-0.242009424E-01-0.305841248E-01
-0.378552265E-01-0.458018892E-01-0.529655479E-01-0.567999966E-01-0.566532835E-01
-0.520454645E-01-0.429592803E-01-0.314802304E-01-0.197785273E-01-0.836865976E-02
 0.267716241E-02 0.133894058E-01 0.238183718E-01 0.340085216E-01 0.439895242E-01
 0.537730567E-01 0.633516982E-01 0.726987571E-01 0.817688629E-01 0.904995576E-01
 0.988144428E-01 0.106628105E+00 0.113853037E+00 0.120407924E+00 0.126226306E+00
 0.131264135E+00 0.135504872E+00 0.138960987E+00 0.141671896E+00 0.143698677E+00
 0.145117149E+00 0.146010324E+00 0.146461964E+00 0.146551475E+00 0.146350816E+00
 0.145922765E+00 0.145320550E+00 0.144588292E+00 0.143761814E+00 0.142869771E+00
 0.141934693E+00 0.140974075E+00 0.140001312E+00 0.139026448E+00 0.138056934E+00
 0.111650254E-03 0.210970431E-02 0.663693110E-02 0.137337493E-01 0.188783817E-01
 0.176945571E-01 0.158008877E-01 0.137789547E-01 0.116353733E-01 0.935259927E-02
 0.689647393E-02 0.422058068E-02 0.126501126E-02-0.201565120E-02-0.567701180E-02
-0.987381954E-02-0.147108799E-01-0.204052031E-01-0.272300802E-01-0.355942026E-01
-0.461961217E-01-0.602136999E-01-0.781999603E-01-0.826817676E-01-0.844196677E-01
-0.791509449E-01-0.606076755E-01-0.411216803E-01-0.247462671E-01-0.102382386E-01
 0.306945154E-02 0.155842360E-01 0.275674183E-01 0.391886681E-01 0.505547449E-01
 0.617247634E-01 0.727178156E-01 0.835162327E-01 0.940667540E-01 0.104281507E+00
 0.114041016E+00 0.123201184E+00 0.131605834E+00 0.139104277E+00 0.145571545E+00
 0.150926828E+00 0.155145749E+00 0.158263147E+00 0.160366178E+00 0.161579639E+00
 0.162047789E+00 0.161917463E+00 0.161325410E+00 0.160390869E+00 0.159212902E+00
 0.157870725E+00 0.156425789E+00 0.154924586E+00 0.153401494E+00 0.151881322E+00
 0.150381491E+00 0.148913831E+00 0.147485927E+00 0.146102265E+00 0.144765094E+00
 0.113781120E-03 0.214865897E-02 0.675054919E-02 0.139814224E-01 0.191978402E-01
 0.181041863E-01 0.163013469E-01 0.143673718E-01 0.123119084E-01 0.101165771E-01
 0.774724735E-02 0.516233081E-02 0.231189746E-02-0.868547591E-03-0.446256856E-02
-0.858574919E-02-0.133380527E-01-0.189540647E-01-0.256500896E-01-0.338543728E-01
-0.441218540E-01-0.577400886E-01-0.771350935E-01-0.794531778E-01-0.809897408E-01
-0.759186968E-01-0.567250066E-01-0.370670594E-01-0.204225257E-01-0.551088341E-02
 0.832692906E-02 0.214961432E-01 0.342640541E-01 0.468117520E-01 0.592603423E-01
 0.716836452E-01 0.841123834E-01 0.965323821E-01 0.108878292E+00 0.121024966E+00
 0.132780522E+00 0.143887803E+00 0.154042587E+00 0.162932903E+00 0.170292392E+00
 0.175951555E+00 0.179870889E+00 0.182146892E+00 0.182988882E+00 0.182672918E+00
 0.181489423E+00 0.179702252E+00 0.177527934E+00 0.175131738E+00 0.172633246E+00
 0.170115411E+00 0.167633474E+00 0.165222645E+00 0.162903860E+00 0.160688251E+00
 0.158580214E+00 0.156579718E+00 0.154683828E+00 0.152887821E+00 0.151185960E+00
 0.112442482E-03 0.212304760E-02 0.666889269E-02 0.137854274E-01 0.189535040E-01
 0.178036522E-01 0.160520375E-01 0.142775336E-01 0.124595510E-01 0.105432039E-01
 0.847434998E-02 0.620853249E-02 0.370477489E-02 0.916550169E-03-0.220893486E-02
-0.573335448E-02-0.973025337E-02-0.142884422E-01-0.194956213E-01-0.253448691E-01
-0.318955705E-01-0.388873667E-01-0.449459367E-01-0.478846356E-01-0.469229855E-01
-0.416188762E-01-0.320477448E-01-0.199802816E-01-0.732662622E-02 0.536840176E-02
 0.180222131E-01 0.306804962E-01 0.434254743E-01 0.563454665E-01 0.695225522E-01
 0.830252916E-01 0.969008431E-01 0.111162752E+00 0.125770673E+00 0.140597939E+00
 0.155385450E+00 0.169692427E+00 0.182885528E+00 0.194230974E+00 0.203081340E+00
 0.209037736E+00 0.212029830E+00 0.212335259E+00 0.210523069E+00 0.207285821E+00
 0.203243226E+00 0.198847339E+00 0.194388300E+00 0.190036923E+00 0.185885608E+00
 0.181978330E+00 0.178329989E+00 0.174938783E+00 0.171793550E+00 0.168878436E+00
 0.166175470E+00 0.163666248E+00 0.161332831E+00 0.159158200E+00 0.157126561E+00
 0.108406923E-03 0.204444863E-02 0.640521804E-02 0.131899212E-01 0.178605206E-01
 0.162615124E-01 0.145890405E-01 0.133309383E-01 0.120892795E-01 0.107082464E-01
 0.914380699E-02 0.737619307E-02 0.539225247E-02 0.318329060E-02 0.742398202E-03
-0.193792931E-02-0.485912617E-02-0.800820719E-02-0.113351699E-01-0.146834683E-01
-0.178794637E-01-0.205356777E-01-0.221532360E-01-0.221662186E-01-0.201412626E-01
-0.158950798E-01-0.953018758E-02-0.140475819E-02 0.802915264E-02 0.184049308E-01
 0.294989832E-01 0.412063301E-01 0.535025708E-01 0.664156452E-01 0.800085142E-01
 0.943688899E-01 0.109602027E+00 0.125822425E+00 0.143138096E+00 0.161614060E+00
 0.181182489E+00 0.201415256E+00 0.221019566E+00 0.237615421E+00 0.249453411E+00
 0.255723059E+00 0.256274819E+00 0.251599044E+00 0.243587449E+00 0.234585613E+00
 0.225799203E+00 0.217663586E+00 0.210292026E+00 0.203671440E+00 0.197741821E+00
 0.192429408E+00 0.187660560E+00 0.183367297E+00 0.179488957E+00 0.175972372E+00
 0.172771335E+00 0.169845775E+00 0.167161033E+00 0.164687082E+00 0.162397936E+00
 0.104370709E-03 0.196474860E-02 0.612831954E-02 0.125445230E-01 0.163765028E-01
 0.135560157E-01 0.123422435E-01 0.122070760E-01 0.117346346E-01 0.109800613E-01
 0.997275859E-02 0.874246657E-02 0.730932318E-02 0.570874009E-02 0.397816766E-02
 0.214584055E-02 0.248475146E-03-0.164721371E-02-0.346749183E-02-0.508825807E-02
-0.634511327E-02-0.692786556E-02-0.668426510E-02-0.535836769E-02-0.274867821E-02
 0.123554026E-02 0.661846995E-02 0.133220460E-01 0.212225690E-01 0.301929750E-01
 0.401226655E-01 0.509542078E-01 0.626783744E-01 0.753313377E-01 0.889961943E-01
 0.103805244E+00 0.119947925E+00 0.137686834E+00 0.157385349E+00 0.179554954E+00
 0.204945162E+00 0.234780312E+00 0.271834970E+00 0.299603224E+00 0.317386150E+00
 0.321718901E+00 0.323104739E+00 0.301059455E+00 0.277140617E+00 0.258980274E+00
 0.244412303E+00 0.232426941E+00 0.222393572E+00 0.213876516E+00 0.206561387E+00
 0.200214833E+00 0.194659665E+00 0.189758569E+00 0.185403347E+00 0.181507364E+00
 0.178000301E+00 0.174824521E+00 0.171932250E+00 0.169283599E+00 0.166845039E+00
 0.103830818E-03 0.195382000E-02 0.608929992E-02 0.124160666E-01 0.161537658E-01
 0.127589796E-01 0.120376749E-01 0.123875719E-01 0.122455005E-01 0.118303159E-01
 0.111886906E-01 0.103631960E-01 0.939525850E-02 0.832604151E-02 0.719860056E-02
 0.606025243E-02 0.496629905E-02 0.398392463E-02 0.319603295E-02 0.270487880E-02
 0.263328641E-02 0.311649102E-02 0.428735791E-02 0.628359476E-02 0.922734383E-02
 0.131572047E-01 0.181335583E-01 0.241959803E-01 0.312973224E-01 0.394003354E-01
 0.484816395E-01 0.585422590E-01 0.696051344E-01 0.817176774E-01 0.949895382E-01
 0.109567150E+00 0.125669107E+00 0.143608838E+00 0.163840503E+00 0.187047556E+00
 0.214284688E+00 0.247179329E+00 0.287863672E+00 0.318736106E+00 0.338020742E+00
 0.342768312E+00 0.341965377E+00 0.317252517E+00 0.289372087E+00 0.268125206E+00
 0.251605153E+00 0.238394618E+00 0.227572903E+00 0.218535066E+00 0.210868776E+00
 0.204282179E+00 0.198561639E+00 0.193546295E+00 0.189112082E+00 0.185161337E+00
 0.181615993E+00 0.178412676E+00 0.175499484E+00 0.172833443E+00 0.170378760E+00
 0.107768632E-03 0.202955469E-02 0.633561099E-02 0.129735339E-01 0.170334578E-01
 0.133815045E-01 0.133414101E-01 0.138818854E-01 0.137421852E-01 0.133724604E-01
 0.128559219E-01 0.122361276E-01 0.115501462E-01 0.108356588E-01 0.101336828E-01
 0.949032512E-02 0.895831361E-02 0.859833322E-02 0.847992860E-02 0.868153013E-02
 0.928901881E-02 0.103925774E-01 0.120822983E-01 0.144429458E-01 0.175478049E-01
 0.214555822E-01 0.262129381E-01 0.318471044E-01 0.383626595E-01 0.457988977E-01
 0.541637912E-01 0.634306446E-01 0.736856088E-01 0.849533677E-01 0.973046422E-01
 0.110869810E+00 0.125821605E+00 0.142356873E+00 0.160680950E+00 0.181163415E+00
 0.204232380E+00 0.230383307E+00 0.259766728E+00 0.283005238E+00 0.298212647E+00
 0.303972214E+00 0.303058952E+00 0.289599925E+00 0.272105008E+00 0.257154673E+00
 0.244544193E+00 0.233869612E+00 0.224774212E+00 0.216966048E+00 0.210211322E+00
 0.204323739E+00 0.199154422E+00 0.194583535E+00 0.190513805E+00 0.186865672E+00
 0.183573499E+00 0.180582792E+00 0.177848101E+00 0.175331354E+00 0.173000559E+00
 0.114500639E-03 0.216036197E-02 0.677487953E-02 0.139788520E-01 0.192339662E-01
 0.183695592E-01 0.172530189E-01 0.164703391E-01 0.158534385E-01 0.152784074E-01
 0.147060649E-01 0.141354715E-01 0.135811092E-01 0.130670378E-01 0.126247350E-01
 0.122922175E-01 0.121136429E-01 0.121390130E-01 0.124237519E-01 0.130279176E-01
 0.140149072E-01 0.154495863E-01 0.173959825E-01 0.199147705E-01 0.230609812E-01
 0.268823560E-01 0.314185098E-01 0.367010459E-01 0.427552350E-01 0.496019945E-01
 0.572583303E-01 0.657423064E-01 0.750810429E-01 0.852905810E-01 0.963761881E-01
 0.108466461E+00 0.121542625E+00 0.135617509E+00 0.150698900E+00 0.166850463E+00
 0.183722511E+00 0.200819597E+00 0.217080563E+00 0.231000155E+00 0.241321638E+00
 0.247350961E+00 0.248956487E+00 0.246621951E+00 0.241543278E+00 0.235159740E+00
 0.228474423E+00 0.222005874E+00 0.215979233E+00 0.210468918E+00 0.205476165E+00
 0.200968623E+00 0.196900263E+00 0.193221450E+00 0.189883724E+00 0.186842084E+00
 0.184055924E+00 0.181489244E+00 0.179110497E+00 0.176892325E+00 0.174811214E+00
 0.120483142E-03 0.227449508E-02 0.714008557E-02 0.147415139E-01 0.205271523E-01
 0.201522261E-01 0.192456134E-01 0.184079763E-01 0.176511016E-01 0.169645194E-01
 0.163372084E-01 0.157679264E-01 0.152657349E-01 0.148485331E-01 0.145416167E-01
 0.143764792E-01 0.143897785E-01 0.146224508E-01 0.151188737E-01 0.159259941E-01
 0.170923695E-01 0.186669976E-01 0.206979942E-01 0.232312307E-01 0.263091251E-01
 0.299697015E-01 0.342460461E-01 0.391662307E-01 0.447536781E-01 0.510278605E-01
 0.580051951E-01 0.656998605E-01 0.741230026E-01 0.832739547E-01 0.930984467E-01
 0.103517294E+00 0.114552826E+00 0.126179919E+00 0.138302520E+00 0.150745228E+00
 0.163226575E+00 0.175375402E+00 0.186649740E+00 0.196516886E+00 0.204509377E+00
 0.210254714E+00 0.213696405E+00 0.215012684E+00 0.214587823E+00 0.212904364E+00
 0.210422471E+00 0.207507968E+00 0.204417795E+00 0.201316938E+00 0.198303118E+00
 0.195428491E+00 0.192715690E+00 0.190169021E+00 0.187781945E+00 0.185541898E+00
 0.183433428E+00 0.181440324E+00 0.179546714E+00 0.177737981E+00 0.176001027E+00
 0.124201295E-03 0.234404067E-02 0.735272514E-02 0.151991285E-01 0.211743191E-01
 0.210271347E-01 0.202841479E-01 0.195374321E-01 0.188146308E-01 0.181317683E-01
 0.174999591E-01 0.169319361E-01 0.164438263E-01 0.160562340E-01 0.157946199E-01
 0.156889558E-01 0.157723837E-01 0.160803162E-01 0.166496392E-01 0.175180063E-01
 0.187238194E-01 0.203054622E-01 0.223003644E-01 0.247441698E-01 0.276699271E-01
 0.311074276E-01 0.350827165E-01 0.396178067E-01 0.447305888E-01 0.504349917E-01
 0.567413531E-01 0.636572689E-01 0.711896494E-01 0.793472230E-01 0.880607069E-01
 0.970685333E-01 0.106300175E+00 0.115872353E+00 0.125702456E+00 0.135628313E+00
 0.145440891E+00 0.154888287E+00 0.163694307E+00 0.171593070E+00 0.178334668E+00
 0.183830127E+00 0.188035607E+00 0.190948159E+00 0.192744032E+00 0.193605140E+00
 0.193734393E+00 0.193319276E+00 0.192521200E+00 0.191468939E+00 0.190258667E+00
 0.188958213E+00 0.187612787E+00 0.186250508E+00 0.184887186E+00 0.183530211E+00
 0.182181522E+00 0.180839851E+00 0.179502368E+00 0.178165734E+00 0.176826850E+00
 0.126166575E-03 0.238052802E-02 0.746257650E-02 0.153667582E-01 0.215066299E-01
 0.214671772E-01 0.208174568E-01 0.201362204E-01 0.194550715E-01 0.187890306E-01
 0.181533303E-01 0.175674092E-01 0.170525629E-01 0.166331027E-01 0.163377188E-01
 0.162014086E-01 0.162578337E-01 0.165402908E-01 0.170809105E-01 0.179079734E-01
 0.190527756E-01 0.205466803E-01 0.224196687E-01 0.247000419E-01 0.274137836E-01
 0.305839628E-01 0.342302099E-01 0.383682251E-01 0.430093929E-01 0.481603593E-01
 0.538225323E-01 0.599912740E-01 0.666543394E-01 0.737891793E-01 0.813590139E-01
 0.892997831E-01 0.976067111E-01 0.105510615E+00 0.113707699E+00 0.121990912E+00
 0.130174279E+00 0.138086766E+00 0.145562321E+00 0.152447641E+00 0.158614680E+00
 0.163971156E+00 0.168462753E+00 0.172095075E+00 0.174928710E+00 0.177402154E+00
 0.179269716E+00 0.180623904E+00 0.181553930E+00 0.182140544E+00 0.182452068E+00
 0.182543263E+00 0.182455778E+00 0.182219908E+00 0.181856900E+00 0.181381255E+00
 0.180802837E+00 0.180128679E+00 0.179364339E+00 0.178514913E+00 0.177585721E+00
 0.127061285E-03 0.239706575E-02 0.751179364E-02 0.154827973E-01 0.216636099E-01
 0.216506645E-01 0.210299529E-01 0.203671046E-01 0.197020192E-01 0.190207437E-01
 0.183455870E-01 0.176977590E-01 0.170992687E-01 0.165736098E-01 0.161459800E-01
 0.158889592E-01 0.158319119E-01 0.160089191E-01 0.164578557E-01 0.171684232E-01
 0.181775857E-01 0.195155963E-01 0.212058723E-01 0.232717842E-01 0.257342756E-01
 0.286115184E-01 0.319182016E-01 0.356648937E-01 0.398575477E-01 0.444969013E-01
 0.495777316E-01 0.550878383E-01 0.610066392E-01 0.673031956E-01 0.739333704E-01
 0.808342844E-01 0.879126564E-01 0.950634480E-01 0.102363013E+00 0.109681062E+00
 0.116914362E+00 0.123954624E+00 0.130699798E+00 0.137056768E+00 0.142947003E+00
 0.148310840E+00 0.153110027E+00 0.157329306E+00 0.160979971E+00 0.164088055E+00
 0.167096421E+00 0.169790223E+00 0.172069803E+00 0.173979431E+00 0.175564021E+00
 0.176859811E+00 0.177895010E+00 0.178690791E+00 0.179262877E+00 0.179623231E+00
 0.179781780E+00 0.179747790E+00 0.179531053E+00 0.179142430E+00 0.178594306E+00
 0.127314488E-03 0.240165228E-02 0.752465753E-02 0.154962037E-01 0.217030440E-01
 0.216693189E-01 0.210367348E-01 0.203732718E-01 0.196609907E-01 0.189135280E-01
 0.181484818E-01 0.173852351E-01 0.166444015E-01 0.159480404E-01 0.153674707E-01
 0.149348658E-01 0.146835791E-01 0.146478536E-01 0.148611814E-01 0.153528731E-01
 0.161539633E-01 0.172926579E-01 0.187563729E-01 0.205735601E-01 0.227611400E-01
 0.253350288E-01 0.283071455E-01 0.316845104E-01 0.354695357E-01 0.396595411E-01
 0.442461558E-01 0.492147245E-01 0.545435771E-01 0.602032468E-01 0.661557615E-01
 0.723546073E-01 0.787464082E-01 0.852743462E-01 0.918844491E-01 0.985464901E-01
 0.105228595E+00 0.111800104E+00 0.118166879E+00 0.124276385E+00 0.130084112E+00
 0.135554373E+00 0.140661389E+00 0.145390615E+00 0.149738818E+00 0.153709859E+00
 0.157304317E+00 0.160929084E+00 0.164298385E+00 0.167311490E+00 0.169990554E+00
 0.172351480E+00 0.174403012E+00 0.176149443E+00 0.177592739E+00 0.178734705E+00
 0.179578885E+00 0.180132106E+00 0.180405453E+00 0.180414528E+00 0.180179164E+00
 0.127170933E-03 0.239885505E-02 0.751516083E-02 0.154623510E-01 0.216501467E-01
 0.216037016E-01 0.209426153E-01 0.202051271E-01 0.193981919E-01 0.185343158E-01
 0.176278539E-01 0.166949257E-01 0.157533120E-01 0.148711745E-01 0.140785780E-01
 0.134081906E-01 0.128948139E-01 0.125747547E-01 0.124848997E-01 0.126616070E-01
 0.131398793E-01 0.139512094E-01 0.151203899E-01 0.166692324E-01 0.185650289E-01
 0.208338816E-01 0.234881993E-01 0.265296400E-01 0.299587604E-01 0.337714031E-01
 0.379581042E-01 0.425043628E-01 0.473904684E-01 0.525914840E-01 0.580774657E-01
 0.638139993E-01 0.697631687E-01 0.758846551E-01 0.821367428E-01 0.884780884E-01
 0.948607028E-01 0.101187564E+00 0.107363492E+00 0.113370791E+00 0.119205169E+00
 0.124848284E+00 0.130280107E+00 0.135484710E+00 0.140451431E+00 0.145175979E+00
 0.149674162E+00 0.154038116E+00 0.158275887E+00 0.162259370E+00 0.165943980E+00
 0.169310257E+00 0.172338173E+00 0.175005972E+00 0.177292615E+00 0.179181144E+00
 0.180661932E+00 0.181735337E+00 0.182412848E+00 0.182716876E+00 0.182678953E+00
 0.126756669E-03 0.239099795E-02 0.749016181E-02 0.154615957E-01 0.215423070E-01
 0.214582402E-01 0.207236893E-01 0.198843945E-01 0.189503320E-01 0.179319195E-01
 0.168405287E-01 0.156895407E-01 0.145427492E-01 0.134266708E-01 0.123711517E-01
 0.114091793E-01 0.105765238E-01 0.991117395E-02 0.945258234E-02 0.924073067E-02
 0.931501854E-02 0.971282646E-02 0.104677547E-01 0.116076572E-01 0.131507851E-01
 0.151108438E-01 0.174864382E-01 0.202324763E-01 0.233627837E-01 0.268739313E-01
 0.307538789E-01 0.349889286E-01 0.395611599E-01 0.444493815E-01 0.496293344E-01
 0.550742671E-01 0.607558973E-01 0.666457638E-01 0.727173015E-01 0.789503753E-01
 0.853520706E-01 0.920100436E-01 0.977955088E-01 0.103750654E+00 0.109685443E+00
 0.115561113E+00 0.121354721E+00 0.127047867E+00 0.132625744E+00 0.138076320E+00
 0.143392816E+00 0.148627698E+00 0.153801069E+00 0.158781901E+00 0.163511604E+00
 0.167940021E+00 0.172011003E+00 0.175664291E+00 0.178840712E+00 0.181489646E+00
 0.183576971E+00 0.185091436E+00 0.186047375E+00 0.186482921E+00 0.186454430E+00
 0.126134822E-03 0.237923861E-02 0.745306257E-02 0.153315868E-01 0.214068424E-01
 0.212536156E-01 0.204144195E-01 0.194482077E-01 0.183606446E-01 0.171575882E-01
 0.158440731E-01 0.144817401E-01 0.130939055E-01 0.117068132E-01 0.103501743E-01
 0.905723497E-02 0.786452275E-02 0.681132218E-02 0.593897467E-02 0.529001607E-02
 0.490720104E-02 0.483243121E-02 0.510558253E-02 0.576322805E-02 0.683717895E-02
 0.835308898E-02 0.103272479E-01 0.127626415E-01 0.156496037E-01 0.189472921E-01
 0.226114374E-01 0.266400352E-01 0.310129318E-01 0.357119329E-01 0.407160409E-01
 0.460023917E-01 0.515473150E-01 0.573272295E-01 0.633194968E-01 0.695028678E-01
 0.758583322E-01 0.824051350E-01 0.889487192E-01 0.948579237E-01 0.100989155E+00
 0.107173391E+00 0.113385007E+00 0.119606666E+00 0.125823408E+00 0.132020190E+00
 0.138175249E+00 0.144351751E+00 0.150609210E+00 0.156743139E+00 0.162698537E+00
 0.168399170E+00 0.173743188E+00 0.178608283E+00 0.182862923E+00 0.186385527E+00
 0.189088270E+00 0.190937042E+00 0.191959769E+00 0.192239076E+00 0.191893265E+00
 0.125353894E-03 0.236445339E-02 0.740625570E-02 0.152494889E-01 0.212417394E-01
 0.209879037E-01 0.200361889E-01 0.189305022E-01 0.176754668E-01 0.162775889E-01
 0.147449989E-01 0.131422533E-01 0.114880297E-01 0.980637129E-02 0.812617969E-02
 0.648078881E-02 0.490743201E-02 0.344657362E-02 0.214109919E-02 0.103541161E-02
 0.174490531E-03-0.397031487E-03-0.635740173E-03-0.500257185E-03 0.479431947E-04
 0.104359898E-02 0.251631998E-02 0.448874896E-02 0.697409781E-02 0.997169223E-02
 0.134631488E-01 0.174016207E-01 0.216789674E-01 0.263005011E-01 0.312446486E-01
 0.364880860E-01 0.420081168E-01 0.477821939E-01 0.537885129E-01 0.600064769E-01
 0.664169565E-01 0.730047077E-01 0.798180029E-01 0.863220170E-01 0.926868916E-01
 0.992532074E-01 0.105945393E+00 0.112743542E+00 0.119640067E+00 0.126634210E+00
 0.133738294E+00 0.140992597E+00 0.148401529E+00 0.155889153E+00 0.163374037E+00
 0.170753106E+00 0.177868739E+00 0.184492201E+00 0.190331206E+00 0.195077583E+00
 0.198490605E+00 0.200476259E+00 0.201118797E+00 0.200647622E+00 0.199357554E+00
 0.124478829E-03 0.234790402E-02 0.735411001E-02 0.151433898E-01 0.210549403E-01
 0.207025036E-01 0.196210016E-01 0.183588937E-01 0.169174280E-01 0.153001770E-01
 0.135617619E-01 0.117198927E-01 0.979569554E-02 0.781461038E-02 0.580670079E-02
 0.380655169E-02 0.185282761E-02-0.124375629E-04-0.174474390E-02-0.329813058E-02
-0.462618330E-02-0.568295084E-02-0.642369455E-02-0.680543948E-02-0.678733690E-02
-0.633092644E-02-0.540045509E-02-0.396346627E-02-0.199197768E-02 0.535297964E-03
 0.362932030E-02 0.728477724E-02 0.114720585E-01 0.161326565E-01 0.211365875E-01
 0.264503434E-01 0.320544541E-01 0.379252173E-01 0.440401584E-01 0.503780842E-01
 0.569180623E-01 0.636365637E-01 0.704967380E-01 0.774470940E-01 0.843969062E-01
 0.914630890E-01 0.986888781E-01 0.106084578E+00 0.113663584E+00 0.121440940E+00
 0.129413769E+00 0.137673959E+00 0.146519020E+00 0.155592114E+00 0.164976567E+00
 0.174644738E+00 0.184467003E+00 0.194117963E+00 0.202946052E+00 0.210005686E+00
 0.214478999E+00 0.216066748E+00 0.215091243E+00 0.212388262E+00 0.208853334E+00
 0.123558828E-03 0.233051064E-02 0.729936268E-02 0.150111951E-01 0.208495110E-01
 0.204026625E-01 0.191879533E-01 0.177628510E-01 0.161230527E-01 0.143204024E-01
 0.123691065E-01 0.102866711E-01 0.809478201E-02 0.581990695E-02 0.349351671E-02
 0.115190493E-02-0.116436253E-02-0.341130979E-02-0.554263592E-02-0.751090702E-02
-0.926872063E-02-0.107697193E-01-0.119693438E-01-0.128252581E-01-0.132974284E-01
-0.133479079E-01-0.129404319E-01-0.120400116E-01-0.106127998E-01-0.862655975E-02
-0.605221093E-02-0.286697666E-02 0.940312631E-03 0.536120124E-02 0.103551643E-01
 0.158397239E-01 0.216426700E-01 0.277160741E-01 0.340366811E-01 0.405859388E-01
 0.473447703E-01 0.542949811E-01 0.614204817E-01 0.687083304E-01 0.761362463E-01
 0.836667791E-01 0.913850218E-01 0.993236750E-01 0.107513383E+00 0.115996987E+00
 0.124840729E+00 0.134157062E+00 0.144055754E+00 0.154613629E+00 0.165966749E+00
 0.178315729E+00 0.191918969E+00 0.207077309E+00 0.223939970E+00 0.237208068E+00
 0.244316950E+00 0.243886828E+00 0.236001492E+00 0.226570264E+00 0.218586296E+00
 0.122634417E-03 0.231305277E-02 0.724434759E-02 0.149464784E-01 0.206496567E-01
 0.200927034E-01 0.187609307E-01 0.171877164E-01 0.153751383E-01 0.133811031E-01
 0.112173278E-01 0.890016742E-02 0.645129988E-02 0.389807532E-02 0.127351936E-02
-0.138405687E-02-0.403182954E-02-0.662356708E-02-0.911097135E-02-0.114451135E-01
-0.135778226E-01-0.154628502E-01-0.170567054E-01-0.183190424E-01-0.192125831E-01
-0.197026022E-01-0.197560228E-01-0.193403326E-01-0.184224620E-01-0.169679429E-01
-0.149407014E-01-0.123039717E-01-0.902293529E-02-0.506988401E-02-0.432858360E-03
 0.487160264E-02 0.107799759E-01 0.171651337E-01 0.237775892E-01 0.306241941E-01
 0.376830138E-01 0.449383967E-01 0.523804016E-01 0.600043908E-01 0.678047240E-01
 0.757570416E-01 0.838769749E-01 0.922373012E-01 0.100878224E+00 0.109847829E+00
 0.119212359E+00 0.129127994E+00 0.139777601E+00 0.151235819E+00 0.163762853E+00
 0.177762449E+00 0.193871781E+00 0.213126302E+00 0.237037495E+00 0.255676746E+00
 0.265962273E+00 0.263528526E+00 0.248698965E+00 0.233635783E+00 0.222527936E+00
 0.121746896E-03 0.229632040E-02 0.719187455E-02 0.147911105E-01 0.204804149E-01
 0.198203586E-01 0.183582809E-01 0.166410431E-01 0.146685923E-01 0.124963522E-01
 0.101347007E-01 0.759993773E-02 0.491458224E-02 0.210754084E-02-0.786054181E-03
-0.372541370E-02-0.666508265E-02-0.955629814E-02-0.123485988E-01-0.149915274E-01
-0.174362473E-01-0.196368881E-01-0.215514731E-01-0.231423266E-01-0.243759044E-01
-0.252220836E-01-0.256529674E-01-0.256413333E-01-0.251589101E-01-0.241746511E-01
-0.226533413E-01-0.205548443E-01-0.178345460E-01-0.144456821E-01-0.103445146E-01
-0.549957715E-02 0.936314827E-04 0.639154576E-02 0.132737271E-01 0.205165651E-01
 0.279461630E-01 0.355523862E-01 0.433285758E-01 0.512720868E-01 0.593828857E-01
 0.676533952E-01 0.760930181E-01 0.847456604E-01 0.936496183E-01 0.102848426E+00
 0.112400539E+00 0.122443698E+00 0.133128136E+00 0.144496158E+00 0.156728566E+00
 0.170087457E+00 0.184942439E+00 0.201848015E+00 0.221949935E+00 0.237582922E+00
 0.248292178E+00 0.246705502E+00 0.235319734E+00 0.224308506E+00 0.215771884E+00
 0.120918456E-03 0.228064740E-02 0.714247301E-02 0.146977976E-01 0.203199871E-01
 0.195473414E-01 0.179690532E-01 0.161058754E-01 0.140059348E-01 0.116807614E-01
 0.914467778E-02 0.641670031E-02 0.352175278E-02 0.491236977E-03-0.263700611E-02
-0.581931276E-02-0.900734123E-02-0.121496534E-01-0.151935741E-01-0.180871449E-01
-0.207809508E-01-0.232296344E-01-0.253929123E-01-0.272359997E-01-0.287293810E-01
-0.298479758E-01-0.305697471E-01-0.308738928E-01-0.307387374E-01-0.301395133E-01
-0.290462244E-01-0.274218470E-01-0.252212193E-01-0.223911591E-01-0.188726187E-01
-0.146059534E-01-0.954084937E-02-0.365259894E-02 0.303377584E-02 0.104116714E-01
 0.182552431E-01 0.262400936E-01 0.343604647E-01 0.426126309E-01 0.509955771E-01
 0.595122315E-01 0.681714639E-01 0.769889057E-01 0.859860033E-01 0.951906815E-01
 0.104645245E+00 0.114427350E+00 0.124595925E+00 0.135147959E+00 0.146094456E+00
 0.157427981E+00 0.169053882E+00 0.180664390E+00 0.191516846E+00 0.200378746E+00
 0.206175536E+00 0.208531588E+00 0.207854614E+00 0.205267504E+00 0.201918617E+00
 0.120183504E-03 0.226678466E-02 0.709893275E-02 0.146204093E-01 0.201660320E-01
 0.193123743E-01 0.176364034E-01 0.156587269E-01 0.134323156E-01 0.109662963E-01
 0.827468466E-02 0.537738437E-02 0.230098423E-02-0.920889957E-03-0.424778275E-02
-0.763320643E-02-0.110259997E-01-0.143721458E-01-0.176168811E-01-0.207068734E-01
-0.235922541E-01-0.262282509E-01-0.285762828E-01-0.306043867E-01-0.322869457E-01
-0.336037427E-01-0.345384590E-01-0.350766927E-01-0.352036618E-01-0.349017121E-01
-0.341478139E-01-0.329111479E-01-0.311510768E-01-0.288158357E-01-0.258425064E-01
-0.221591853E-01-0.176906902E-01-0.123696914E-01-0.615550298E-02 0.937310862E-03
 0.879976805E-02 0.171818733E-01 0.256561674E-01 0.342163183E-01 0.428582840E-01
 0.515807532E-01 0.603851303E-01 0.692750588E-01 0.782550648E-01 0.873270780E-01
 0.964730158E-01 0.105748855E+00 0.115345046E+00 0.124947503E+00 0.134559587E+00
 0.144089743E+00 0.153371498E+00 0.162146300E+00 0.170066223E+00 0.176750034E+00
 0.181893200E+00 0.185374975E+00 0.187300310E+00 0.187954962E+00 0.187696815E+00
 0.119560027E-03 0.225505163E-02 0.706225075E-02 0.145197604E-01 0.200325940E-01
 0.191201102E-01 0.173598696E-01 0.152846919E-01 0.129490113E-01 0.103617944E-01
 0.753749069E-02 0.449707638E-02 0.126877916E-02-0.211167173E-02-0.560138095E-02
-0.915125292E-02-0.127075519E-01-0.162139442E-01-0.196138248E-01-0.228527058E-01
-0.258803908E-01-0.286527276E-01-0.311327353E-01-0.332910307E-01-0.351054855E-01
-0.365602262E-01-0.376440287E-01-0.383482240E-01-0.386643335E-01-0.385814495E-01
-0.380835533E-01-0.371468440E-01-0.357372388E-01-0.338082314E-01-0.312995389E-01
-0.281371810E-01-0.242360607E-01-0.195067786E-01-0.138690118E-01-0.727432128E-02
 0.258958607E-03 0.859829970E-02 0.174420457E-01 0.263160728E-01 0.352115780E-01
 0.441225767E-01 0.530448779E-01 0.619749352E-01 0.709087029E-01 0.798410028E-01
 0.887673572E-01 0.976855233E-01 0.106571883E+00 0.115366153E+00 0.123992264E+00
 0.132355660E+00 0.140334979E+00 0.147782877E+00 0.154537752E+00 0.160447240E+00
 0.165398240E+00 0.169342995E+00 0.172309726E+00 0.174393043E+00 0.175729141E+00
 0.119048185E-03 0.224539335E-02 0.703182723E-02 0.144970138E-01 0.199162792E-01
 0.189459026E-01 0.171293784E-01 0.149793234E-01 0.125561086E-01 0.987068284E-02
 0.693883654E-02 0.378293754E-02 0.432872039E-03-0.307367765E-02-0.669163512E-02
-0.103696249E-01-0.140516991E-01-0.176795665E-01-0.211951062E-01-0.245429091E-01
-0.276725832E-01-0.305405762E-01-0.331113227E-01-0.353576392E-01-0.372603536E-01
-0.388072133E-01-0.399912000E-01-0.408084281E-01-0.412556790E-01-0.413277782E-01
-0.410148613E-01-0.402996130E-01-0.391545743E-01-0.375395827E-01-0.353997089E-01
-0.326640233E-01-0.292461198E-01-0.250477660E-01-0.199678261E-01-0.139194196E-01
-0.685877120E-02 0.117152312E-02 0.998558104E-02 0.191924758E-01 0.283484999E-01
 0.374473520E-01 0.464842021E-01 0.554536022E-01 0.643481538E-01 0.731572732E-01
 0.818653330E-01 0.904559642E-01 0.989040285E-01 0.107153870E+00 0.115150042E+00
 0.122825131E+00 0.130101576E+00 0.136895791E+00 0.143125087E+00 0.148717105E+00
 0.153619871E+00 0.157809839E+00 0.161295235E+00 0.164113820E+00 0.166325763E+00
 0.118660966E-03 0.223811204E-02 0.700914627E-02 0.144160418E-01 0.198443308E-01
 0.188368540E-01 0.169600174E-01 0.147479372E-01 0.122562731E-01 0.949531980E-02
 0.648134062E-02 0.323769776E-02-0.204378666E-03-0.380559824E-02-0.751910452E-02
-0.112916827E-01-0.150656272E-01-0.187811125E-01-0.223788526E-01-0.258027650E-01
-0.290023573E-01-0.319346003E-01-0.345650837E-01-0.368683860E-01-0.388276391E-01
-0.404334031E-01-0.416819192E-01-0.425729565E-01-0.431073643E-01-0.432844236E-01
-0.430991314E-01-0.425394438E-01-0.415835157E-01-0.401969962E-01-0.383305661E-01
-0.359179899E-01-0.328753665E-01-0.291026589E-01-0.244894102E-01-0.189274065E-01
-0.123339323E-01-0.468943408E-02 0.390851544E-02 0.131791113E-01 0.225962922E-01
 0.318778716E-01 0.410271361E-01 0.500421152E-01 0.589163825E-01 0.676390678E-01
 0.761947259E-01 0.845660493E-01 0.927278176E-01 0.100640006E+00 0.108260788E+00
 0.115544170E+00 0.122440822E+00 0.128900886E+00 0.134877652E+00 0.140331790E+00
 0.145235360E+00 0.149574876E+00 0.153352708E+00 0.156586468E+00 0.159306601E+00
 0.118391334E-03 0.223302841E-02 0.699318945E-02 0.143862078E-01 0.197860822E-01
 0.187510550E-01 0.168397631E-01 0.145870419E-01 0.120488228E-01 0.923599396E-02
 0.616552169E-02 0.286162365E-02-0.643441046E-03-0.430919696E-02-0.808749627E-02
-0.119238086E-01-0.157591794E-01-0.195327122E-01-0.231843144E-01-0.266574547E-01
-0.299016051E-01-0.328741334E-01-0.355414674E-01-0.378794372E-01-0.398728028E-01
-0.415140837E-01-0.428017899E-01-0.437382311E-01-0.443270728E-01-0.445706956E-01
-0.444675349E-01-0.440093055E-01-0.431782790E-01-0.419445224E-01-0.402632654E-01
-0.380725563E-01-0.352918021E-01-0.318220071E-01-0.275494605E-01-0.223553237E-01
-0.161347985E-01-0.883008912E-02-0.480566348E-03 0.871093478E-02 0.183071606E-01
 0.277247075E-01 0.369631909E-01 0.460201055E-01 0.548896417E-01 0.635621473E-01
 0.720243379E-01 0.802615434E-01 0.882530585E-01 0.959680676E-01 0.103375331E+00
 0.110442474E+00 0.117136337E+00 0.123424619E+00 0.129277959E+00 0.134672105E+00
 0.139589891E+00 0.144022658E+00 0.147970930E+00 0.151444405E+00 0.154460922E+00
 0.118242264E-03 0.223021209E-02 0.698428461E-02 0.143908644E-01 0.197373517E-01
 0.186982770E-01 0.167717673E-01 0.144979069E-01 0.119343391E-01 0.909296237E-02
 0.599131873E-02 0.265416293E-02-0.885646965E-03-0.458696019E-02-0.840090029E-02
-0.122721959E-01-0.161411949E-01-0.199464019E-01-0.236272812E-01-0.271270610E-01
-0.303952023E-01-0.333893038E-01-0.360762775E-01-0.384326614E-01-0.404441319E-01
-0.421043225E-01-0.434130132E-01-0.443739519E-01-0.449923910E-01-0.452724956E-01
-0.452146493E-01-0.448127687E-01-0.440515466E-01-0.429037102E-01-0.413273126E-01
-0.392632261E-01-0.366333053E-01-0.333399996E-01-0.292689297E-01-0.242968071E-01
-0.183082391E-01-0.112257963E-01-0.305741350E-02 0.603835424E-02 0.156781301E-01
 0.251960885E-01 0.344986208E-01 0.435874388E-01 0.524595939E-01 0.611073561E-01
 0.695175081E-01 0.776796341E-01 0.855852664E-01 0.931965187E-01 0.100492567E+00
 0.107449323E+00 0.114042006E+00 0.120246775E+00 0.126042277E+00 0.131411016E+00
 0.136340588E+00 0.140824556E+00 0.144862935E+00 0.148462176E+00 0.151634827E+00
 0.118219410E-03 0.222979789E-02 0.698313164E-02 0.143564409E-01 0.197305419E-01
 0.186987948E-01 0.167636666E-01 0.144830979E-01 0.119137522E-01 0.906655006E-02
 0.595870847E-02 0.261492305E-02-0.931897433E-03-0.464050332E-02-0.846189540E-02
-0.123406695E-01-0.162170436E-01-0.200294089E-01-0.237171445E-01-0.272234268E-01
-0.304977130E-01-0.334976502E-01-0.361902453E-01-0.385521874E-01-0.405693613E-01
-0.422356464E-01-0.435511172E-01-0.445198752E-01-0.451475717E-01-0.454388298E-01
-0.453945547E-01-0.450092666E-01-0.442683436E-01-0.431452841E-01-0.415989868E-01
-0.395711921E-01-0.369845815E-01-0.337421857E-01-0.297297128E-01-0.248229876E-01
-0.189041365E-01-0.118908659E-01-0.378316431E-02 0.527153257E-02 0.149025656E-01
 0.244536102E-01 0.337740034E-01 0.428697281E-01 0.517404452E-01 0.603804812E-01
 0.687787160E-01 0.769179761E-01 0.847797841E-01 0.923474208E-01 0.996009186E-01
 0.106517747E+00 0.113075025E+00 0.119251072E+00 0.125026584E+00 0.130385846E+00
 0.135317713E+00 0.139816314E+00 0.143881455E+00 0.147518694E+00 0.150739014E+00
 0.118313335E-03 0.223155343E-02 0.698848767E-02 0.143995332E-01 0.197521374E-01
 0.187205859E-01 0.168024246E-01 0.145383589E-01 0.119858459E-01 0.915657450E-02
 0.606785249E-02 0.274416036E-02-0.781954965E-03-0.446968246E-02-0.827049837E-02
-0.121294772E-01-0.159872808E-01-0.197826717E-01-0.234552994E-01-0.269484818E-01
-0.302116778E-01-0.332023911E-01-0.358873419E-01-0.382428020E-01-0.402541496E-01
-0.419146456E-01-0.432237014E-01-0.441846810E-01-0.448024422E-01-0.450807661E-01
-0.450196527E-01-0.446126387E-01-0.438440405E-01-0.426862165E-01-0.410968587E-01
-0.390165448E-01-0.363669284E-01-0.330504738E-01-0.289531723E-01-0.239527170E-01
-0.179356076E-01-0.108275553E-01-0.264113047E-02 0.645919656E-02 0.160840154E-01
 0.255642701E-01 0.348372236E-01 0.439031646E-01 0.527591556E-01 0.613991283E-01
 0.698167011E-01 0.779792443E-01 0.858336389E-01 0.934136212E-01 0.100686900E+00
 0.107626021E+00 0.114204675E+00 0.120398097E+00 0.126184285E+00 0.131545290E+00
 0.136468321E+00 0.140946701E+00 0.144980207E+00 0.148575157E+00 0.151743948E+00
 0.118533520E-03 0.223570969E-02 0.700157322E-02 0.144034252E-01 0.198151916E-01
 0.187948998E-01 0.169009808E-01 0.146682877E-01 0.121524837E-01 0.936413370E-02
 0.631977711E-02 0.304311165E-02-0.434205867E-03-0.407236489E-02-0.782391429E-02
-0.116350092E-01-0.154473223E-01-0.192004796E-01-0.228347667E-01-0.262938496E-01
-0.295272060E-01-0.324920192E-01-0.351543576E-01-0.374895334E-01-0.394816846E-01
-0.411226191E-01-0.424100906E-01-0.433456264E-01-0.439321063E-01-0.441711321E-01
-0.440603606E-01-0.435907468E-01-0.427438207E-01-0.414889269E-01-0.397806466E-01
-0.375565290E-01-0.347357430E-01-0.312195625E-01-0.268953927E-01-0.216468722E-01
-0.153736975E-01-0.802535377E-02 0.348080415E-03 0.952949747E-02 0.190646499E-01
 0.284239240E-01 0.376102999E-01 0.466228016E-01 0.554565415E-01 0.641023293E-01
 0.725446343E-01 0.807534531E-01 0.887000486E-01 0.963718742E-01 0.103742875E+00
 0.110780306E+00 0.117449872E+00 0.123718180E+00 0.129554957E+00 0.134935185E+00
 0.139841110E+00 0.144263595E+00 0.148202866E+00 0.151668280E+00 0.154677495E+00
 0.118876138E-03 0.224216748E-02 0.702182204E-02 0.144420583E-01 0.198882893E-01
 0.189031269E-01 0.170527510E-01 0.148711763E-01 0.124136107E-01 0.968988054E-02
 0.671564369E-02 0.351352501E-02 0.113891634E-03-0.344493077E-02-0.711710611E-02
-0.108504370E-01-0.145881595E-01-0.182712451E-01-0.218409933E-01-0.252416506E-01
-0.284227673E-01-0.313410684E-01-0.339616314E-01-0.362582877E-01-0.382132456E-01
-0.398160070E-01-0.410616696E-01-0.419488177E-01-0.424770974E-01-0.426446013E-01
-0.424451530E-01-0.418655798E-01-0.408829413E-01-0.394619182E-01-0.375523791E-01
-0.350876227E-01-0.319838412E-01-0.281420648E-01-0.234544165E-01-0.178175252E-01
-0.111566149E-01-0.346388924E-02 0.514747575E-02 0.143787870E-01 0.236881338E-01
 0.328772217E-01 0.419460870E-01 0.508917011E-01 0.597077459E-01 0.683839843E-01
 0.769041330E-01 0.852334350E-01 0.933355540E-01 0.101194143E+00 0.108770899E+00
 0.116018385E+00 0.122885630E+00 0.129321337E+00 0.135277629E+00 0.140714288E+00
 0.145602703E+00 0.149928853E+00 0.153694719E+00 0.156917587E+00 0.159627706E+00
 0.119339798E-03 0.225088699E-02 0.704900920E-02 0.145323304E-01 0.199761726E-01
 0.190365240E-01 0.172554050E-01 0.151466038E-01 0.127695231E-01 0.101344511E-01
 0.725643896E-02 0.415696064E-02 0.864834117E-03-0.258347788E-02-0.614421582E-02
-0.976733770E-02-0.133981528E-01-0.169794522E-01-0.204539336E-01-0.237666778E-01
-0.268674139E-01-0.297123194E-01-0.322652049E-01-0.344979428E-01-0.363901556E-01
-0.379281938E-01-0.391035192E-01-0.399106480E-01-0.403447375E-01-0.403990149E-01
-0.400620587E-01-0.393150859E-01-0.381292999E-01-0.364634693E-01-0.342619941E-01
-0.314539745E-01-0.279541537E-01-0.236671828E-01-0.184973590E-01-0.123667652E-01
-0.524502527E-02 0.280699809E-02 0.115811666E-01 0.206635613E-01 0.297006443E-01
 0.386881344E-01 0.476220101E-01 0.564976074E-01 0.653090179E-01 0.740487576E-01
 0.827076361E-01 0.912488401E-01 0.996193066E-01 0.107812256E+00 0.115765370E+00
 0.123406380E+00 0.130654871E+00 0.137425497E+00 0.143634379E+00 0.149208382E+00
 0.154094979E+00 0.158270225E+00 0.161742032E+00 0.164547950E+00 0.166747943E+00
 0.119931668E-03 0.226204959E-02 0.708414661E-02 0.145647628E-01 0.201087575E-01
 0.192351937E-01 0.175211877E-01 0.154990116E-01 0.132219000E-01 0.106983371E-01
 0.794217922E-02 0.497352565E-02 0.181942561E-02-0.148581830E-02-0.490089739E-02
-0.837835576E-02-0.118660284E-01-0.153089631E-01-0.186516363E-01-0.218402464E-01
-0.248248372E-01-0.275610201E-01-0.300111268E-01-0.321446732E-01-0.339380950E-01
-0.353738144E-01-0.364387222E-01-0.371221714E-01-0.374136642E-01-0.373003148E-01
-0.367642269E-01-0.357799083E-01-0.343119055E-01-0.323128626E-01-0.297224857E-01
-0.264680926E-01-0.224678926E-01-0.176387001E-01-0.119103706E-01-0.524961483E-02
 0.230466435E-02 0.105946688E-01 0.192918070E-01 0.280234441E-01 0.367814302E-01
 0.455600806E-01 0.543551259E-01 0.631627589E-01 0.719788894E-01 0.807997063E-01
 0.896268636E-01 0.984701589E-01 0.107309394E+00 0.116073012E+00 0.124675125E+00
 0.133017480E+00 0.140977532E+00 0.148407385E+00 0.155145243E+00 0.161038533E+00
 0.165974095E+00 0.169904098E+00 0.172856644E+00 0.174926296E+00 0.176249161E+00
 0.120636898E-03 0.227533770E-02 0.712575717E-02 0.146757402E-01 0.202601608E-01
 0.194553453E-01 0.178376064E-01 0.159264691E-01 0.137700429E-01 0.113797653E-01
 0.876992848E-02 0.595968077E-02 0.297428132E-02-0.154327514E-03-0.338757527E-02
-0.668092910E-02-0.998511817E-02-0.132478131E-01-0.164156072E-01-0.194360912E-01
-0.222597923E-01-0.248418003E-01-0.271428451E-01-0.291297771E-01-0.307753719E-01
-0.320574790E-01-0.329576060E-01-0.334590636E-01-0.335447453E-01-0.331947841E-01
-0.323841199E-01-0.310803000E-01-0.292416699E-01-0.268164109E-01-0.237430371E-01
-0.199533030E-01-0.153789194E-01-0.996388402E-02-0.368449860E-02 0.342142512E-02
 0.112169767E-01 0.194224734E-01 0.277277920E-01 0.361256897E-01 0.446111001E-01
 0.531814359E-01 0.618364289E-01 0.705773607E-01 0.794049725E-01 0.883127972E-01
 0.972481295E-01 0.106341571E+00 0.116058864E+00 0.125683606E+00 0.135298669E+00
 0.144824058E+00 0.154096872E+00 0.162860230E+00 0.170767143E+00 0.177437052E+00
 0.182565913E+00 0.186033264E+00 0.187944233E+00 0.188584596E+00 0.188312277E+00
 0.121447803E-03 0.229066703E-02 0.717397127E-02 0.147630284E-01 0.204317216E-01
 0.197191890E-01 0.182165094E-01 0.164492335E-01 0.144162001E-01 0.121732857E-01
 0.973080937E-02 0.710502546E-02 0.431854138E-02 0.140053243E-02-0.161341031E-02
-0.468187872E-02-0.775870634E-02-0.107944207E-01-0.137379691E-01-0.165385529E-01
-0.191473644E-01-0.215190463E-01-0.236127134E-01-0.253924038E-01-0.268269442E-01
-0.278892126E-01-0.285548773E-01-0.288007185E-01-0.286026821E-01-0.279338341E-01
-0.267624389E-01-0.250504278E-01-0.227526762E-01-0.198176559E-01-0.161902774E-01
-0.118181193E-01-0.666250894E-02-0.716175768E-03 0.597117143E-02 0.132584469E-01
 0.208884720E-01 0.286747776E-01 0.366086885E-01 0.446839631E-01 0.528973266E-01
 0.612494722E-01 0.697467476E-01 0.784018487E-01 0.872332901E-01 0.962681398E-01
 0.105560742E+00 0.115243174E+00 0.125397876E+00 0.135960221E+00 0.146914408E+00
 0.158249304E+00 0.169870928E+00 0.181472778E+00 0.192313507E+00 0.201161847E+00
 0.206944212E+00 0.209285602E+00 0.208593965E+00 0.205992118E+00 0.202628240E+00
 0.122340527E-03 0.230751769E-02 0.722700311E-02 0.148635935E-01 0.206037629E-01
 0.200080369E-01 0.186233371E-01 0.169950146E-01 0.151185133E-01 0.130504388E-01
 0.108016729E-01 0.838800240E-02 0.583071588E-02 0.315697631E-02 0.399828685E-03
-0.240220735E-02-0.520596560E-02-0.796482619E-02-0.106301643E-01-0.131529104E-01
-0.154850595E-01-0.175809525E-01-0.193981938E-01-0.208980851E-01-0.220455602E-01
-0.228085816E-01-0.231571160E-01-0.230617784E-01-0.224923175E-01-0.214161742E-01
-0.197974201E-01-0.175964292E-01-0.147708617E-01-0.112786638E-01-0.708399713E-02
-0.216722046E-02 0.346017675E-02 0.973467529E-02 0.165186431E-01 0.235066582E-01
 0.307101626E-01 0.381100886E-01 0.456944853E-01 0.534570962E-01 0.613951869E-01
 0.695000440E-01 0.777787715E-01 0.862699598E-01 0.950078741E-01 0.104032032E+00
 0.113398395E+00 0.123326413E+00 0.134030446E+00 0.145418227E+00 0.157659799E+00
 0.171019614E+00 0.185868785E+00 0.202763036E+00 0.222848833E+00 0.238464326E+00
 0.249155566E+00 0.247553334E+00 0.236154065E+00 0.225128382E+00 0.216575965E+00
 0.123282560E-03 0.232527778E-02 0.728269434E-02 0.150255943E-01 0.207843389E-01
 0.202977825E-01 0.190505739E-01 0.175760649E-01 0.158746038E-01 0.139988596E-01
 0.119629549E-01 0.978344027E-02 0.748099247E-02 0.508126989E-02 0.261518825E-02
 0.118722492E-03-0.236769859E-02-0.480013294E-02-0.713230576E-02-0.931690447E-02
-0.113068484E-01-0.130563974E-01-0.145219592E-01-0.156625342E-01-0.164397322E-01
-0.168174170E-01-0.167610180E-01-0.162367038E-01-0.152105773E-01-0.136482390E-01
-0.115150586E-01-0.877767056E-02-0.540732127E-02-0.138587295E-02 0.328488718E-02
 0.856913254E-02 0.143816788E-01 0.205508061E-01 0.269659050E-01 0.336101055E-01
 0.404710807E-01 0.475369133E-01 0.547987372E-01 0.622516163E-01 0.698893592E-01
 0.776889548E-01 0.856634229E-01 0.938773751E-01 0.102366693E+00 0.111174136E+00
 0.120358929E+00 0.130160689E+00 0.140835568E+00 0.152309909E+00 0.164839551E+00
 0.178832874E+00 0.194929421E+00 0.214165911E+00 0.238054425E+00 0.256670415E+00
 0.266933709E+00 0.264480650E+00 0.249634951E+00 0.234555095E+00 0.223428920E+00
 0.124252663E-03 0.234362017E-02 0.734051736E-02 0.150962211E-01 0.209945738E-01
 0.206245035E-01 0.195043962E-01 0.181939304E-01 0.166934840E-01 0.150061194E-01
 0.131896827E-01 0.112573672E-01 0.922779087E-02 0.712481607E-02 0.497740926E-02
 0.281934883E-02 0.688693777E-03-0.137298915E-02-0.332158944E-02-0.511152204E-02
-0.669679465E-02-0.803196430E-02-0.907289237E-02-0.977723673E-02-0.101046674E-01
-0.100168595E-01-0.947736111E-02-0.845154934E-02-0.690689404E-02-0.481390813E-02
-0.214831857E-02 0.110523147E-02 0.494739460E-02 0.935463421E-02 0.142710861E-01
 0.195774399E-01 0.251705404E-01 0.310421400E-01 0.371678583E-01 0.435268730E-01
 0.501011573E-01 0.568748191E-01 0.638344139E-01 0.709689111E-01 0.782575086E-01
 0.856646523E-01 0.932646468E-01 0.101086140E+00 0.109157272E+00 0.117519215E+00
 0.126243353E+00 0.135477379E+00 0.145347387E+00 0.155888706E+00 0.167222723E+00
 0.179549336E+00 0.193127587E+00 0.208258733E+00 0.225092366E+00 0.238331616E+00
 0.245412990E+00 0.244957328E+00 0.237048626E+00 0.227594405E+00 0.219586998E+00
 0.125207414E-03 0.236165966E-02 0.739728147E-02 0.152325323E-01 0.212068465E-01
 0.209341981E-01 0.199496895E-01 0.188017674E-01 0.174906421E-01 0.160160586E-01
 0.144332247E-01 0.127592525E-01 0.110142790E-01 0.922228768E-02 0.741146784E-02
 0.561422342E-02 0.386685506E-02 0.220898865E-02 0.682807411E-03-0.667835237E-03
-0.179834128E-02-0.266425125E-02-0.322202547E-02-0.342970109E-02-0.324744824E-02
-0.263810181E-02-0.156781450E-02-0.714955968E-05 0.206728932E-02 0.467063067E-02
 0.780458702E-02 0.114515815E-01 0.155717181E-01 0.200693030E-01 0.248914938E-01
 0.300271753E-01 0.354509056E-01 0.411405452E-01 0.470742211E-01 0.532310605E-01
 0.595911928E-01 0.661342591E-01 0.728333071E-01 0.796541199E-01 0.865127072E-01
 0.934995934E-01 0.100647457E+00 0.107965425E+00 0.115468301E+00 0.123175010E+00
 0.131092861E+00 0.139307395E+00 0.148067906E+00 0.157085195E+00 0.166423574E+00
 0.176050350E+00 0.185833633E+00 0.195447057E+00 0.204238713E+00 0.211263075E+00
 0.215702459E+00 0.217257664E+00 0.216250896E+00 0.213517711E+00 0.209953323E+00
 0.126105006E-03 0.237863418E-02 0.745076407E-02 0.153414020E-01 0.213983953E-01
 0.212268736E-01 0.203751978E-01 0.193876661E-01 0.182688870E-01 0.170249250E-01
 0.156631265E-01 0.142404959E-01 0.127769904E-01 0.112962071E-01 0.982558168E-02
 0.839641970E-02 0.704360334E-02 0.580507796E-02 0.472117634E-02 0.383380754E-02
 0.318555930E-02 0.281876163E-02 0.277454336E-02 0.309187057E-02 0.380641432E-02
 0.494927680E-02 0.654571271E-02 0.861187093E-02 0.111504523E-01 0.141552752E-01
 0.175927971E-01 0.213794932E-01 0.255221594E-01 0.300035644E-01 0.348008908E-01
 0.398924351E-01 0.452554896E-01 0.508673675E-01 0.567057580E-01 0.627491921E-01
 0.689774230E-01 0.753730312E-01 0.819587335E-01 0.883938074E-01 0.947787166E-01
 0.101322904E+00 0.107978277E+00 0.114732705E+00 0.121582814E+00 0.128530622E+00
 0.135588512E+00 0.142790362E+00 0.150138304E+00 0.157565042E+00 0.164993107E+00
 0.172319397E+00 0.179385558E+00 0.185962245E+00 0.191756696E+00 0.196460545E+00
 0.199832857E+00 0.201779485E+00 0.202384576E+00 0.201877370E+00 0.200552538E+00
 0.126895451E-03 0.239361101E-02 0.749819074E-02 0.154248327E-01 0.215659030E-01
 0.214966629E-01 0.207603127E-01 0.199168436E-01 0.189735200E-01 0.179388430E-01
 0.168226119E-01 0.156357456E-01 0.144392913E-01 0.132565526E-01 0.121141197E-01
 0.110425502E-01 0.100755813E-01 0.924957171E-02 0.860285386E-02 0.817490183E-02
 0.800530054E-02 0.813255925E-02 0.859283656E-02 0.941885542E-02 0.106374528E-01
 0.122660864E-01 0.143181356E-01 0.167925954E-01 0.196249261E-01 0.228313468E-01
 0.264077913E-01 0.303372741E-01 0.346045531E-01 0.391913131E-01 0.440764278E-01
 0.492369719E-01 0.546488501E-01 0.602875240E-01 0.661287010E-01 0.721487701E-01
 0.783254281E-01 0.846603811E-01 0.910223424E-01 0.970083624E-01 0.103144996E+00
 0.109320357E+00 0.115513474E+00 0.121709764E+00 0.127896845E+00 0.134062171E+00
 0.140187129E+00 0.146321014E+00 0.152508229E+00 0.158575594E+00 0.164467961E+00
 0.170108691E+00 0.175395757E+00 0.180206716E+00 0.184409827E+00 0.187883362E+00
 0.190539271E+00 0.192343310E+00 0.193323210E+00 0.193561479E+00 0.193176255E+00
 0.127511928E-03 0.240527675E-02 0.753501616E-02 0.155543368E-01 0.217006449E-01
 0.217003115E-01 0.210680570E-01 0.203509163E-01 0.195602123E-01 0.187079906E-01
 0.178072862E-01 0.168723259E-01 0.159183815E-01 0.150087215E-01 0.141661083E-01
 0.134226615E-01 0.128112668E-01 0.123664131E-01 0.121239638E-01 0.121202972E-01
 0.123909125E-01 0.129683996E-01 0.138794249E-01 0.151494881E-01 0.167970043E-01
 0.187863596E-01 0.211409237E-01 0.238691177E-01 0.269668233E-01 0.304304138E-01
 0.342520848E-01 0.384190604E-01 0.429146998E-01 0.477186218E-01 0.528070591E-01
 0.581534468E-01 0.637292564E-01 0.695050880E-01 0.754522607E-01 0.815457255E-01
 0.877767876E-01 0.941862389E-01 0.100055665E+00 0.106022462E+00 0.111956775E+00
 0.117824979E+00 0.123605162E+00 0.129279882E+00 0.134835228E+00 0.140259936E+00
 0.145546883E+00 0.150736615E+00 0.155842289E+00 0.160752639E+00 0.165413484E+00
 0.169775620E+00 0.173783228E+00 0.177376166E+00 0.180495143E+00 0.183089420E+00
 0.185124710E+00 0.186589569E+00 0.187498152E+00 0.187888429E+00 0.187816605E+00
 0.127903113E-03 0.241269986E-02 0.755867409E-02 0.155523987E-01 0.218040738E-01
 0.218393859E-01 0.212770011E-01 0.206567645E-01 0.199873149E-01 0.192827117E-01
 0.185591150E-01 0.178348590E-01 0.171308611E-01 0.164716020E-01 0.158755854E-01
 0.154119013E-01 0.151060978E-01 0.149881002E-01 0.150901992E-01 0.154454764E-01
 0.160862431E-01 0.170422550E-01 0.182994734E-01 0.198873132E-01 0.218252018E-01
 0.241228435E-01 0.267897248E-01 0.298314746E-01 0.332487822E-01 0.370379947E-01
 0.411907360E-01 0.456935503E-01 0.505277887E-01 0.556695759E-01 0.610899590E-01
 0.667554066E-01 0.726286620E-01 0.786698759E-01 0.848378092E-01 0.910932869E-01
 0.973955095E-01 0.103660800E+00 0.109804288E+00 0.115796760E+00 0.121620961E+00
 0.127253398E+00 0.132672191E+00 0.137860745E+00 0.142808318E+00 0.147510514E+00
 0.151979968E+00 0.156291559E+00 0.160451382E+00 0.164354086E+00 0.167961299E+00
 0.171254158E+00 0.174212545E+00 0.176814482E+00 0.179038703E+00 0.180868030E+00
 0.182292581E+00 0.183312491E+00 0.183939025E+00 0.184194416E+00 0.184110016E+00
 0.128003012E-03 0.241466938E-02 0.756557425E-02 0.155809103E-01 0.218479671E-01
 0.218916684E-01 0.213531330E-01 0.207979735E-01 0.202126373E-01 0.196121633E-01
 0.190154407E-01 0.184434131E-01 0.179188028E-01 0.174665563E-01 0.171142612E-01
 0.168948509E-01 0.168392397E-01 0.169778597E-01 0.173408836E-01 0.179577228E-01
 0.188560020E-01 0.200600736E-01 0.215888713E-01 0.234622043E-01 0.256976970E-01
 0.283095427E-01 0.313086286E-01 0.347019657E-01 0.384921171E-01 0.426767394E-01
 0.472480580E-01 0.521922186E-01 0.574886091E-01 0.631091222E-01 0.690175295E-01
 0.751693696E-01 0.815133229E-01 0.879938528E-01 0.945580751E-01 0.101181693E+00
 0.107840575E+00 0.114395685E+00 0.120749511E+00 0.126849651E+00 0.132649660E+00
 0.138111502E+00 0.143207625E+00 0.147922605E+00 0.152253315E+00 0.156204879E+00
 0.159781322E+00 0.163317844E+00 0.166585773E+00 0.169506386E+00 0.172100186E+00
 0.174381703E+00 0.176358849E+00 0.178035289E+00 0.179412559E+00 0.180492088E+00
 0.181277052E+00 0.181774020E+00 0.181993827E+00 0.181951851E+00 0.181667730E+00
 0.127686013E-03 0.240886793E-02 0.754886353E-02 0.155594414E-01 0.217944551E-01
 0.218507536E-01 0.213148240E-01 0.207519364E-01 0.202007070E-01 0.196510796E-01
 0.191253051E-01 0.186447557E-01 0.182317421E-01 0.179101601E-01 0.177058112E-01
 0.176464692E-01 0.177610088E-01 0.180789754E-01 0.186301880E-01 0.194441974E-01
 0.205496456E-01 0.219736081E-01 0.237411093E-01 0.258752741E-01 0.283968281E-01
 0.313235186E-01 0.346696563E-01 0.384456068E-01 0.426572524E-01 0.473053902E-01
 0.523850247E-01 0.578843839E-01 0.637836456E-01 0.700532123E-01 0.766511932E-01
 0.835188329E-01 0.905706212E-01 0.977061987E-01 0.105016381E+00 0.112349100E+00
 0.119596258E+00 0.126648575E+00 0.133404240E+00 0.139769897E+00 0.145666063E+00
 0.151031405E+00 0.155825391E+00 0.160031229E+00 0.163661957E+00 0.166749418E+00
 0.169666156E+00 0.172248289E+00 0.174424440E+00 0.176239014E+00 0.177735701E+00
 0.178949729E+00 0.179908469E+00 0.180632442E+00 0.181136832E+00 0.181433156E+00
 0.181530997E+00 0.181439310E+00 0.181167617E+00 0.180726573E+00 0.180128321E+00
 0.126711733E-03 0.239082123E-02 0.749489246E-02 0.154335266E-01 0.216204617E-01
 0.216407888E-01 0.210634097E-01 0.204670858E-01 0.198887829E-01 0.193405449E-01
 0.188354030E-01 0.183923729E-01 0.180314574E-01 0.177744087E-01 0.176452529E-01
 0.176703781E-01 0.178783033E-01 0.182992686E-01 0.189647414E-01 0.199068170E-01
 0.211575758E-01 0.227484126E-01 0.247094184E-01 0.270688292E-01 0.298524648E-01
 0.330831707E-01 0.367803276E-01 0.409594066E-01 0.456315540E-01 0.508031435E-01
 0.564752594E-01 0.626428425E-01 0.692932755E-01 0.764039829E-01 0.839391053E-01
 0.918395668E-01 0.100085646E+00 0.108102530E+00 0.116371222E+00 0.124707408E+00
 0.132934749E+00 0.140885711E+00 0.148395747E+00 0.155311972E+00 0.161505342E+00
 0.166882247E+00 0.171392053E+00 0.174994394E+00 0.177755147E+00 0.180101931E+00
 0.181853920E+00 0.183101580E+00 0.183932915E+00 0.184427768E+00 0.184653729E+00
 0.184664786E+00 0.184501976E+00 0.184195071E+00 0.183764845E+00 0.183225423E+00
 0.182586357E+00 0.181854382E+00 0.181034848E+00 0.180132657E+00 0.179152936E+00
 0.124653438E-03 0.235258089E-02 0.737958215E-02 0.152547695E-01 0.212695487E-01
 0.211731270E-01 0.204924680E-01 0.198205225E-01 0.191866606E-01 0.186060108E-01
 0.180878136E-01 0.176434740E-01 0.172875114E-01 0.170383323E-01 0.169185102E-01
 0.169546027E-01 0.171767492E-01 0.176181272E-01 0.183142982E-01 0.193024743E-01
 0.206207074E-01 0.223070160E-01 0.243985001E-01 0.269304849E-01 0.299357343E-01
 0.334437937E-01 0.374804735E-01 0.420675576E-01 0.472226590E-01 0.529592671E-01
 0.592869855E-01 0.662120208E-01 0.737383813E-01 0.818691254E-01 0.905477628E-01
 0.995746776E-01 0.108883105E+00 0.118534684E+00 0.128437445E+00 0.138430104E+00
 0.148304492E+00 0.157810763E+00 0.166674480E+00 0.174621835E+00 0.181438819E+00
 0.186927304E+00 0.191029862E+00 0.193846807E+00 0.195516840E+00 0.196262583E+00
 0.196287245E+00 0.195775643E+00 0.194887638E+00 0.193750948E+00 0.192461058E+00
 0.191085279E+00 0.189668387E+00 0.188238114E+00 0.186809972E+00 0.185391113E+00
 0.183983237E+00 0.182584882E+00 0.181193039E+00 0.179804221E+00 0.178415224E+00
 0.120824028E-03 0.228094403E-02 0.716044754E-02 0.147840157E-01 0.206007566E-01
 0.202668961E-01 0.194123834E-01 0.186390523E-01 0.179598629E-01 0.173634719E-01
 0.168370716E-01 0.163780618E-01 0.159941390E-01 0.157016031E-01 0.155238612E-01
 0.154903363E-01 0.156356301E-01 0.159988105E-01 0.166226681E-01 0.175528564E-01
 0.188368391E-01 0.205226783E-01 0.226576980E-01 0.252871383E-01 0.284529794E-01
 0.321929902E-01 0.365401655E-01 0.415225476E-01 0.471635051E-01 0.534823835E-01
 0.604954921E-01 0.682170168E-01 0.766588897E-01 0.858242214E-01 0.956743583E-01
 0.106147163E+00 0.117250055E+00 0.128948793E+00 0.141143098E+00 0.153659523E+00
 0.166223362E+00 0.178410470E+00 0.189724356E+00 0.199584886E+00 0.207485512E+00
 0.213156953E+00 0.216516778E+00 0.217747793E+00 0.217236847E+00 0.215468124E+00
 0.212903306E+00 0.209908888E+00 0.206741884E+00 0.203567177E+00 0.200482354E+00
 0.197539389E+00 0.194760814E+00 0.192150816E+00 0.189702734E+00 0.187403888E+00
 0.185238764E+00 0.183191016E+00 0.181244746E+00 0.179385185E+00 0.177599192E+00
 0.114707531E-03 0.216426724E-02 0.678715343E-02 0.140044279E-01 0.192788299E-01
 0.184426550E-01 0.173670370E-01 0.166376792E-01 0.160929281E-01 0.156016611E-01
 0.151220672E-01 0.146531640E-01 0.142088486E-01 0.138122188E-01 0.134934559E-01
 0.132890083E-01 0.132412827E-01 0.133984601E-01 0.138141681E-01 0.145467576E-01
 0.156580359E-01 0.172114149E-01 0.192696117E-01 0.218922477E-01 0.251337010E-01
 0.290415753E-01 0.336559676E-01 0.390094258E-01 0.451274663E-01 0.520302616E-01
 0.597359911E-01 0.682634786E-01 0.776342079E-01 0.878828242E-01 0.990647450E-01
 0.111205988E+00 0.124339528E+00 0.138500556E+00 0.153705537E+00 0.169806391E+00
 0.186677456E+00 0.203747362E+00 0.219953924E+00 0.233817875E+00 0.244080156E+00
 0.250047982E+00 0.251591623E+00 0.249195650E+00 0.244055733E+00 0.237610504E+00
 0.230862856E+00 0.224331602E+00 0.218242303E+00 0.212669745E+00 0.207615510E+00
 0.203047469E+00 0.198919833E+00 0.195183069E+00 0.191788793E+00 0.188692108E+00
 0.185852423E+00 0.183233738E+00 0.180804506E+00 0.178537384E+00 0.176408812E+00
 0.107842105E-03 0.203088974E-02 0.633939821E-02 0.129799275E-01 0.170396380E-01
 0.133741889E-01 0.133821135E-01 0.139872776E-01 0.139144789E-01 0.136205172E-01
 0.131895216E-01 0.126652149E-01 0.120846489E-01 0.114851054E-01 0.109066479E-01
 0.103939027E-01 0.999770779E-02 0.977659412E-02 0.979784597E-02 0.101376874E-01
 0.108799664E-01 0.121129816E-01 0.139246872E-01 0.163973477E-01 0.196030680E-01
 0.236007869E-01 0.284355693E-01 0.341423340E-01 0.407446101E-01 0.482417867E-01
 0.566385202E-01 0.659583136E-01 0.762098655E-01 0.874216706E-01 0.998066217E-01
 0.113610141E+00 0.128653958E+00 0.145179257E+00 0.163509637E+00 0.183974072E+00
 0.207006782E+00 0.233108163E+00 0.262427896E+00 0.285603136E+00 0.300751477E+00
 0.306459248E+00 0.305498242E+00 0.292005479E+00 0.274479091E+00 0.259490639E+00
 0.246836722E+00 0.236114740E+00 0.226969227E+00 0.219109222E+00 0.212301657E+00
 0.206360847E+00 0.201138362E+00 0.196514696E+00 0.192392841E+00 0.188693434E+00
 0.185350955E+00 0.182311028E+00 0.179528296E+00 0.176964685E+00 0.174588278E+00
 0.103826635E-03 0.195365865E-02 0.608816789E-02 0.124116652E-01 0.161407962E-01
 0.127293523E-01 0.120366020E-01 0.124314446E-01 0.123447003E-01 0.119983023E-01
 0.114348829E-01 0.106985271E-01 0.983310863E-02 0.888060872E-02 0.788288750E-02
 0.688514486E-02 0.594016071E-02 0.511198957E-02 0.447999593E-02 0.414343923E-02
 0.422192924E-02 0.485000666E-02 0.616496336E-02 0.828918070E-02 0.113207651E-01
 0.153356511E-01 0.203555804E-01 0.263987295E-01 0.336065777E-01 0.417902879E-01
 0.508990921E-01 0.609966479E-01 0.721080899E-01 0.842455029E-01 0.975743383E-01
 0.112216584E+00 0.128363401E+00 0.146320730E+00 0.166548073E+00 0.189732298E+00
 0.216928720E+00 0.249764130E+00 0.290368825E+00 0.321168691E+00 0.340391457E+00
 0.345093161E+00 0.344247669E+00 0.319523990E+00 0.291634113E+00 0.270365179E+00
 0.253814042E+00 0.240566134E+00 0.229702726E+00 0.220620245E+00 0.212907389E+00
 0.206273019E+00 0.200504124E+00 0.195440248E+00 0.190957665E+00 0.186958984E+00
 0.183366299E+00 0.180116415E+00 0.177157536E+00 0.174446762E+00 0.171948373E+00
 0.104382743E-03 0.196489273E-02 0.612811511E-02 0.125418650E-01 0.163663160E-01
 0.135346642E-01 0.123376865E-01 0.122272642E-01 0.117669171E-01 0.110715376E-01
 0.101187974E-01 0.895681139E-02 0.762703223E-02 0.615073461E-02 0.456674118E-02
 0.289863581E-02 0.117165619E-02-0.535015657E-03-0.217583054E-02-0.362261571E-02
-0.470125536E-02-0.516639883E-02-0.475690654E-02-0.328904460E-02-0.576527265E-03
 0.345749455E-02 0.890210085E-02 0.156635717E-01 0.236266628E-01 0.326758660E-01
 0.426634625E-01 0.535365753E-01 0.652939230E-01 0.779730380E-01 0.916589797E-01
 0.106483422E+00 0.122632548E+00 0.140366107E+00 0.160046160E+00 0.182183906E+00
 0.207528606E+00 0.237303674E+00 0.274280429E+00 0.301978618E+00 0.319701135E+00
 0.323989034E+00 0.325330436E+00 0.303272635E+00 0.279341400E+00 0.261157781E+00
 0.246559501E+00 0.234538794E+00 0.224466428E+00 0.215907767E+00 0.208549216E+00
 0.202158064E+00 0.196557596E+00 0.191610903E+00 0.187210098E+00 0.183268785E+00
 0.179716855E+00 0.176496819E+00 0.173561007E+00 0.170869619E+00 0.168389216E+00
 0.108529050E-03 0.204671826E-02 0.641203579E-02 0.132031171E-01 0.178816449E-01
 0.162947103E-01 0.146440705E-01 0.134153645E-01 0.122075016E-01 0.108686294E-01
 0.935256481E-02 0.763206091E-02 0.570877409E-02 0.363119342E-02 0.135411008E-02
-0.113515009E-02-0.388705009E-02-0.684570288E-02-0.995817315E-02-0.131179281E-01
-0.161601119E-01-0.185945891E-01-0.200218409E-01-0.198729094E-01-0.177120827E-01
-0.133672934E-01-0.693022553E-02 0.124974432E-02 0.107250102E-01 0.211322363E-01
 0.322486721E-01 0.439697169E-01 0.562719516E-01 0.691842958E-01 0.827702805E-01
 0.971176326E-01 0.112331130E+00 0.128524691E+00 0.145805940E+00 0.164239824E+00
 0.183758885E+00 0.203936055E+00 0.223480970E+00 0.240017727E+00 0.251800060E+00
 0.258019179E+00 0.258526266E+00 0.253811359E+00 0.245763794E+00 0.236725986E+00
 0.227902204E+00 0.219727486E+00 0.212315246E+00 0.205652714E+00 0.199680209E+00
 0.194324300E+00 0.189511627E+00 0.185174465E+00 0.181252375E+00 0.177692384E+00
 0.174448401E+00 0.171480492E+00 0.168754086E+00 0.166239232E+00 0.163910016E+00
 0.112722853E-03 0.212834356E-02 0.668547861E-02 0.138196480E-01 0.190119706E-01
 0.178934429E-01 0.161804762E-01 0.144513706E-01 0.126851304E-01 0.108292839E-01
 0.882839411E-02 0.662935385E-02 0.420400081E-02 0.156518957E-02-0.138144242E-02
-0.469719991E-02-0.850764848E-02-0.128913829E-01-0.178761482E-01-0.234598294E-01
-0.297621507E-01-0.365198217E-01-0.423656367E-01-0.451289639E-01-0.440354459E-01
-0.386456996E-01-0.290329941E-01-0.169533025E-01-0.430120854E-02 0.838398468E-02
 0.210216139E-01 0.336582102E-01 0.463765413E-01 0.592653528E-01 0.724070519E-01
 0.858703926E-01 0.997026265E-01 0.113917381E+00 0.128474414E+00 0.143247351E+00
 0.157977641E+00 0.172225386E+00 0.185358450E+00 0.196644396E+00 0.205437064E+00
 0.211338446E+00 0.214278594E+00 0.214534998E+00 0.212676108E+00 0.209393680E+00
 0.205306739E+00 0.200866863E+00 0.196363971E+00 0.191968769E+00 0.187773719E+00
 0.183822826E+00 0.180131122E+00 0.176696867E+00 0.173509061E+00 0.170551896E+00
 0.167807490E+00 0.165257543E+00 0.162884116E+00 0.160670280E+00 0.158600256E+00
 0.114225018E-03 0.215704925E-02 0.677687908E-02 0.140358023E-01 0.192905366E-01
 0.182455722E-01 0.165017210E-01 0.146366144E-01 0.126602352E-01 0.105576618E-01
 0.829578564E-02 0.582925277E-02 0.311146583E-02 0.100768026E-03-0.327978237E-02
-0.714676222E-02-0.116836727E-01-0.170882717E-01-0.235954318E-01-0.315236002E-01
-0.415130593E-01-0.548482910E-01-0.739413276E-01-0.760987997E-01-0.775006190E-01
-0.723606795E-01-0.532151982E-01-0.336241126E-01-0.170382131E-01-0.218364107E-02
 0.115962150E-01 0.247057006E-01 0.374119245E-01 0.498961173E-01 0.622796528E-01
 0.746366084E-01 0.869979858E-01 0.993498340E-01 0.111627050E+00 0.123704799E+00
 0.135391548E+00 0.146430612E+00 0.156518310E+00 0.165343225E+00 0.172639459E+00
 0.178237885E+00 0.182099134E+00 0.184319645E+00 0.185108513E+00 0.184741512E+00
 0.183508679E+00 0.181673571E+00 0.179452494E+00 0.177010506E+00 0.174467117E+00
 0.171905190E+00 0.169379964E+00 0.166926607E+00 0.164566100E+00 0.162309557E+00
 0.160161406E+00 0.158121631E+00 0.156187311E+00 0.154353738E+00 0.152615175E+00
 0.112249363E-03 0.212102849E-02 0.667249225E-02 0.138072670E-01 0.190038718E-01
 0.178864039E-01 0.160738677E-01 0.141482931E-01 0.121173831E-01 0.996617414E-02
 0.766237313E-02 0.515918899E-02 0.239087921E-02-0.649824331E-03-0.406514760E-02
-0.799553283E-02-0.125828432E-01-0.180257931E-01-0.245965291E-01-0.327152722E-01
-0.430494435E-01-0.567890592E-01-0.744941384E-01-0.788172483E-01-0.804428309E-01
-0.751364902E-01-0.566717237E-01-0.372900516E-01-0.210126005E-01-0.660141464E-02
 0.660906779E-02 0.190261900E-01 0.309117083E-01 0.424358919E-01 0.537060797E-01
 0.647818521E-01 0.756826624E-01 0.863911062E-01 0.968541130E-01 0.106983952E+00
 0.116661280E+00 0.125742152E+00 0.134070501E+00 0.141495779E+00 0.147893071E+00
 0.153181627E+00 0.157336965E+00 0.160393834E+00 0.162439182E+00 0.163597539E+00
 0.164012924E+00 0.163831934E+00 0.163191050E+00 0.162209347E+00 0.160985693E+00
 0.159599170E+00 0.158111140E+00 0.156568006E+00 0.155004099E+00 0.153444141E+00
 0.151905566E+00 0.150400117E+00 0.148935407E+00 0.147515893E+00 0.146143749E+00
 0.105181512E-03 0.199141726E-02 0.629353197E-02 0.131423138E-01 0.180205591E-01
 0.167073850E-01 0.148265064E-01 0.129352827E-01 0.110073183E-01 0.900319964E-02
 0.687961327E-02 0.459093507E-02 0.209085457E-02-0.666312932E-03-0.374181708E-02
-0.721459417E-02-0.111756930E-01-0.157293882E-01-0.209939536E-01-0.270958487E-01
-0.341046788E-01-0.418160893E-01-0.487876721E-01-0.524935648E-01-0.522852018E-01
-0.476820506E-01-0.386613347E-01-0.272875689E-01-0.157095268E-01-0.443257764E-02
 0.647619041E-02 0.170506891E-01 0.273436308E-01 0.374011323E-01 0.472539440E-01
 0.569144115E-01 0.663754642E-01 0.756105483E-01 0.845742598E-01 0.932040513E-01
 0.101423338E+00 0.109146535E+00 0.116285928E+00 0.122759983E+00 0.128502026E+00
 0.133467793E+00 0.137640461E+00 0.141032264E+00 0.143682316E+00 0.145651430E+00
 0.147015110E+00 0.147856116E+00 0.148257941E+00 0.148299798E+00 0.148053378E+00
 0.147581324E+00 0.146936700E+00 0.146163493E+00 0.145297423E+00 0.144367039E+00
 0.143394798E+00 0.142398134E+00 0.141390368E+00 0.140381530E+00 0.139378995E+00
 0.890169904E-04 0.169006677E-02 0.538125262E-02 0.113834692E-01 0.155215468E-01
 0.140089002E-01 0.123438416E-01 0.107943285E-01 0.924227014E-02 0.762556447E-02
 0.590310758E-02 0.404260680E-02 0.201537809E-02-0.206355617E-03-0.265084230E-02
-0.534602068E-02-0.831554271E-02-0.115704369E-01-0.150931552E-01-0.188078322E-01
-0.225308202E-01-0.259102881E-01-0.284141228E-01-0.294564031E-01-0.285957232E-01
-0.256553330E-01-0.207729731E-01-0.143695232E-01-0.696896901E-02 0.100046955E-02
 0.926057342E-02 0.176473130E-01 0.260654483E-01 0.344565585E-01 0.427795202E-01
 0.509990826E-01 0.590793192E-01 0.669800937E-01 0.746555850E-01 0.820543244E-01
 0.891205668E-01 0.957967639E-01 0.102026962E+00 0.107760653E+00 0.112956733E+00
 0.117586844E+00 0.121637642E+00 0.125111669E+00 0.128026605E+00 0.130413309E+00
 0.132312760E+00 0.133772656E+00 0.134844020E+00 0.135578260E+00 0.136024877E+00
 0.136229828E+00 0.136234581E+00 0.136075675E+00 0.135784701E+00 0.135388568E+00
 0.134909838E+00 0.134367257E+00 0.133776203E+00 0.133149192E+00 0.132496312E+00
 0.612152144E-04 0.115591043E-02 0.364099187E-02 0.759241078E-02 0.930178072E-02
 0.912953168E-02 0.861589238E-02 0.789082702E-02 0.700151781E-02 0.596624939E-02
 0.479226280E-02 0.348230614E-02 0.203755475E-02 0.459508126E-03-0.124813593E-02
-0.307703414E-02-0.501065189E-02-0.701899501E-02-0.905074179E-02-0.110220723E-01
-0.128036467E-01-0.142127518E-01-0.150231570E-01-0.150005799E-01-0.139547149E-01
-0.117857484E-01-0.850595068E-02-0.422812486E-02 0.873141398E-03 0.660754181E-02
 0.128020374E-01 0.193144735E-01 0.260334648E-01 0.328722596E-01 0.397614762E-01
 0.466428138E-01 0.534643345E-01 0.601772927E-01 0.667342842E-01 0.730885193E-01
 0.791940168E-01 0.850065276E-01 0.904849768E-01 0.955931917E-01 0.100301661E+00
 0.104589038E+00 0.108443178E+00 0.111861564E+00 0.114851013E+00 0.117426790E+00
 0.119611219E+00 0.121431932E+00 0.122920141E+00 0.124108873E+00 0.125031516E+00
 0.125720590E+00 0.126206845E+00 0.126518726E+00 0.126681998E+00 0.126719624E+00
 0.126651794E+00 0.126496077E+00 0.126267567E+00 0.125979185E+00 0.125641838E+00
 0.319801547E-04 0.588793366E-03 0.173802965E-02 0.315781310E-02 0.429832842E-02
 0.495646708E-02 0.521313958E-02 0.515966956E-02 0.486611156E-02 0.438203290E-02
 0.374299148E-02 0.297653140E-02 0.210671709E-02 0.115759100E-02 0.155977032E-03
-0.866285583E-03-0.187119783E-02-0.281596114E-02-0.365882972E-02-0.436814269E-02
-0.492140045E-02-0.527795684E-02-0.534371939E-02-0.497095380E-02-0.400499674E-02
-0.233968976E-02 0.606298963E-04 0.316967955E-02 0.691856863E-02 0.112153739E-01
 0.159608703E-01 0.210589357E-01 0.264218897E-01 0.319721028E-01 0.376414061E-01
 0.433695205E-01 0.491022952E-01 0.547902174E-01 0.603873022E-01 0.658505410E-01
 0.711397380E-01 0.762178153E-01 0.810513347E-01 0.856112316E-01 0.898735747E-01
 0.938202143E-01 0.974392295E-01 0.100725099E+00 0.103678532E+00 0.106306031E+00
 0.108619139E+00 0.110633537E+00 0.112368062E+00 0.113843657E+00 0.115082450E+00
 0.116106927E+00 0.116939217E+00 0.117600597E+00 0.118111081E+00 0.118489206E+00
 0.118751869E+00 0.118914321E+00 0.118990161E+00 0.118991412E+00 0.118928649E+00
 0.222875571E+01 0.222392249E+01 0.215319014E+01 0.210895324E+01 0.206694221E+01
 0.203414440E+01 0.200510502E+01 0.198116958E+01 0.196083152E+01 0.194271362E+01
 0.192819893E+01 0.191746831E+01 0.190859342E+01 0.190186799E+01 0.189788735E+01
 0.189623058E+01 0.189640915E+01 0.189879119E+01 0.190310693E+01 0.190980136E+01
 0.191817343E+01 0.192886615E+01 0.194110429E+01 0.195583904E+01 0.197234929E+01
 0.199113476E+01 0.201199818E+01 0.203535938E+01 0.206069207E+01 0.208874202E+01
 0.211935282E+01 0.215273285E+01 0.218881893E+01 0.222807956E+01 0.227059531E+01
 0.231656170E+01 0.236635828E+01 0.242025161E+01 0.247853851E+01 0.254162550E+01
 0.261005592E+01 0.268428540E+01 0.276462841E+01 0.285211492E+01 0.294772291E+01
 0.305175567E+01 0.316536379E+01 0.329052949E+01 0.342806578E+01 0.358007503E+01
 0.374784446E+01 0.393508077E+01 0.414532089E+01 0.438033104E+01 0.464781952E+01
 0.495201540E+01 0.530113745E+01 0.570321178E+01 0.618160868E+01 0.674917412E+01
 0.743897533E+01 0.830147266E+01 0.938776112E+01 0.108910284E+02 0.150520449E+02
   72   38
 0.218873441E+00 0.000000000E+00 0.221106768E+00 0.137500003E+00 0.227342382E+00
 0.275000006E+00 0.239257678E+00 0.412499994E+00 0.248143718E+00 0.481249988E+00
 0.271083802E+00 0.618749976E+00 0.287257463E+00 0.687500000E+00 0.310937494E+00
 0.768859088E+00 0.344375014E+00 0.856897771E+00 0.377812505E+00 0.925181448E+00
 0.411249995E+00 0.978530228E+00 0.459863603E+00 0.103125000E+01 0.511562526E+00
 0.106783712E+01 0.578437507E+00 0.107316113E+01 0.645312488E+00 0.105192804E+01
 0.682766914E+00 0.103125000E+01 0.745625019E+00 0.998611510E+00 0.800405502E+00
 0.962499976E+00 0.845937490E+00 0.935240805E+00 0.904819489E+00 0.893750012E+00
 0.946250021E+00 0.865973771E+00 0.999587595E+00 0.824999988E+00 0.104656255E+01
 0.789139986E+00 0.108467913E+01 0.756250024E+00 0.114687502E+01 0.699993670E+00
 0.118031251E+01 0.666413724E+00 0.122361147E+01 0.618749976E+00 0.127905977E+01
 0.550000012E+00 0.131406248E+01 0.500990689E+00 0.134749997E+01 0.447929651E+00
 0.138093746E+01 0.387412220E+00 0.141437495E+01 0.316192389E+00 0.144781256E+01
 0.226184428E+00 0.147120821E+01 0.137500003E+00 0.148166299E+01 0.687500015E-01
 0.148308718E+01-0.687500015E-01 0.147391152E+01-0.137500003E+00 0.144781256E+01
-0.240799889E+00 0.141437495E+01-0.332308173E+00 0.138093746E+01-0.404644430E+00
 0.134749997E+01-0.466314435E+00 0.131406248E+01-0.520639122E+00 0.128062499E+01
-0.569160223E+00 0.124213898E+01-0.618749976E+00 0.118239474E+01-0.687500000E+00
 0.114687502E+01-0.724777758E+00 0.111343753E+01-0.756712735E+00 0.104656255E+01
-0.816841662E+00 0.101312494E+01-0.845575809E+00 0.951841891E+00-0.893750012E+00
 0.912812471E+00-0.925396383E+00 0.861283183E+00-0.962499976E+00 0.812500000E+00
-0.100123274E+01 0.768955946E+00-0.103125000E+01 0.712187529E+00-0.107754111E+01
 0.678749979E+00-0.110160112E+01 0.611874998E+00-0.115769410E+01 0.578437507E+00
-0.119361365E+01 0.520203412E+00-0.123254871E+01 0.473815709E+00-0.116875005E+01
 0.432536662E+00-0.110000002E+01 0.395349026E+00-0.103125000E+01 0.362951398E+00
-0.962499976E+00 0.335286587E+00-0.893750012E+00 0.310937494E+00-0.819619179E+00
 0.277500004E+00-0.694253802E+00 0.262263268E+00-0.618749976E+00 0.244062498E+00
-0.493481696E+00 0.234892502E+00-0.412499994E+00 0.225061670E+00-0.275000006E+00
 0.220104918E+00-0.137500003E+00 0.218873441E+00 0.000000000E+00
 0.185100004E+00 0.000000000E+00 0.185100004E+00 0.100810003E+01 0.279399991E+00
 0.117139995E+01 0.279399991E+00 0.157799995E+01 0.297899991E+00 0.160339999E+01
 0.571200013E+00 0.160339999E+01 0.571200013E+00 0.162800002E+01 0.616999984E+00
 0.162800002E+01 0.119400001E+01 0.140100002E+01 0.104330003E+01 0.142999995E+01
 0.131920004E+01 0.103970003E+01 0.133580005E+01 0.997600019E+00 0.148510003E+01
 0.545000017E+00 0.147909999E+01 0.499500006E+00 0.151740003E+01 0.305999994E+00
 0.153129995E+01 0.235499993E+00 0.154639995E+01 0.158600003E+00 0.156079996E+01
 0.800999999E-01 0.156700003E+01 0.000000000E+00 0.156570005E+01-0.176999997E-01
 0.155429995E+01-0.112300001E+00 0.153410006E+01-0.221000001E+00 0.151810002E+01
-0.302599996E+00 0.148179996E+01-0.486000001E+00 0.148510003E+01-0.545000017E+00
 0.133580005E+01-0.997600019E+00 0.131920004E+01-0.103970003E+01 0.104330003E+01
-0.142999995E+01 0.119400001E+01-0.140100002E+01 0.616999984E+00-0.162800002E+01
 0.571200013E+00-0.162800002E+01 0.571200013E+00-0.160339999E+01 0.297899991E+00
-0.160339999E+01 0.279399991E+00-0.157799995E+01 0.279399991E+00-0.117139995E+01
 0.185100004E+00-0.100810003E+01 0.185100004E+00 0.000000000E+00 0.185100004E+00
 0.000000000E+00
    0 0.170000005E+01    1
 0.000000000E+00 0.000000000E+00 0.000000000E+00 0.000000000E+00 0.000000000E+00
 0.000000000E+00 0.000000000E+00 0.000000000E+00 0.000000000E+00 0.000000000E+00
 0.000000000E+00 0.000000000E+00 0.000000000E+00 0.000000000E+00 0.000000000E+00
 0.000000000E+00 0.000000000E+00 0.000000000E+00 0.000000000E+00 0.000000000E+00
 0.000000000E+00 0.000000000E+00 0.000000000E+00 0.000000000E+00 0.000000000E+00
 0.000000000E+00 0.000000000E+00 0.000000000E+00 0.000000000E+00 0.000000000E+00
 0.000000000E+00 0.000000000E+00 0.000000000E+00 0.000000000E+00 0.000000000E+00
 0.000000000E+00 0.000000000E+00 0.000000000E+00 0.000000000E+00 0.000000000E+00
 0.000000000E+00 0.000000000E+00 0.000000000E+00 0.000000000E+00 0.000000000E+00
 0.000000000E+00 0.000000000E+00 0.000000000E+00 0.000000000E+00 0.000000000E+00
 0.000000000E+00 0.000000000E+00 0.000000000E+00 0.000000000E+00 0.000000000E+00
 0.000000000E+00 0.000000000E+00 0.000000000E+00 0.000000000E+00 0.000000000E+00
 0.000000000E+00 0.000000000E+00 0.000000000E+00 0.000000000E+00 0.000000000E+00
 0.000000000E+00 0.997049436E-01 0.142905891E+00 0.175429150E+00 0.202134982E+00
 0.225454465E+00 0.246218368E+00 0.265156299E+00 0.282699764E+00 0.299015224E+00
 0.314382017E+00 0.328928769E+00 0.342813283E+00 0.356154263E+00 0.368843645E+00
 0.381184399E+00 0.393170893E+00 0.404805422E+00 0.416093409E+00 0.427096128E+00
 0.437889755E+00 0.448514223E+00 0.458960205E+00 0.469227880E+00 0.479333371E+00
 0.489285171E+00 0.499198675E+00 0.509049296E+00 0.518810332E+00 0.528481305E+00
 0.538132250E+00 0.547749698E+00 0.557363570E+00 0.566977382E+00 0.576620758E+00
 0.586289942E+00 0.595975518E+00 0.605732858E+00 0.615549207E+00 0.625441909E+00
 0.635465622E+00 0.645605326E+00 0.655844808E+00 0.666247606E+00 0.676849782E+00
 0.687621653E+00 0.698584259E+00 0.709828734E+00 0.721342981E+00 0.733161092E+00
 0.745272100E+00 0.757804453E+00 0.770802796E+00 0.784195483E+00 0.798194230E+00
 0.812803149E+00 0.828118324E+00 0.844165623E+00 0.861350000E+00 0.879510522E+00
 0.898942113E+00 0.920170784E+00 0.943355262E+00 0.969274402E+00 0.100000000E+01
    1
 0.000000000E+00 0.000000000E+00 0.000000000E+00 0.000000000E+00 0.000000000E+00
 0.000000000E+00 0.000000000E+00 0.000000000E+00 0.000000000E+00 0.000000000E+00
 0.000000000E+00 0.000000000E+00 0.000000000E+00 0.000000000E+00 0.000000000E+00
 0.000000000E+00 0.000000000E+00 0.000000000E+00 0.000000000E+00 0.000000000E+00
 0.000000000E+00 0.000000000E+00 0.000000000E+00 0.000000000E+00 0.000000000E+00
 0.000000000E+00 0.000000000E+00 0.000000000E+00 0.000000000E+00 0.000000000E+00
 0.000000000E+00 0.000000000E+00 0.000000000E+00 0.000000000E+00 0.000000000E+00
 0.000000000E+00 0.000000000E+00 0.000000000E+00 0.000000000E+00 0.000000000E+00
 0.000000000E+00 0.000000000E+00 0.000000000E+00 0.000000000E+00 0.000000000E+00
 0.000000000E+00 0.000000000E+00 0.000000000E+00 0.000000000E+00 0.000000000E+00
 0.000000000E+00 0.000000000E+00 0.000000000E+00 0.000000000E+00 0.000000000E+00
 0.000000000E+00 0.000000000E+00 0.000000000E+00 0.000000000E+00 0.000000000E+00
 0.000000000E+00 0.000000000E+00 0.000000000E+00 0.000000000E+00 0.000000000E+00
